0.8 0
-0.236337573137177 0.319904305998821
3.03334532945602 -0.683822654100996
0.0737365869345459 -0.109258708248814
0.874133721511856 -0.0492978237574302
3.05501064855132 -0.536122317638588
-1.52678215541313 1.02611687675148
1.2710094162033 0.075849645494743
2.55597110253752 -0.472691924412577
0.956636438292207 -0.0282434010179012
1.41314852866189 -0.346324988920811
-1.40501885857547 1.11095759050615
-0.104651393307911 -0.0500712787082157
-1.98406074706856 1.40002376870562
0.0445784315369949 0.401687579857091
0.80251225316589 0.146241474405609
1.53013904093161 -0.246272163326331
2.06726328309949 -0.405461169076415
1.49595731236425 -0.0993291588438175
-0.335971828583406 0.841799285795347
0.0274121903101661 0.0096063498121072
1.51244257306318 -0.258757050499773
1.37716682739978 0.0164717995385473
0.777228396105427 0.125908474798948
0.784192686781499 0.0751949537129938
0.00894937866267342 -0.0731936163044937
1.52625673030388 -0.248409022821546
0.765521879121577 -0.216700953216182
-1.98627495447245 1.18383311850392
1.9275065573034 -0.351286033627403
1.18244551916113 0.0233894884153648
1.84552278529484 -0.188699248903923
1.09499135701745 -0.299002694302481
0.831889932949989 -0.0887342023500718
-0.263094729686252 -0.0412325058200261
0.809911920745227 -0.0642317181965492
-0.380132243425157 0.694236629479628
0.689373423003968 -0.161771605705315
1.29550848761099 -0.0930602024946522
1.22844725978424 -0.0392609270641726
0.923076134482271 -0.0807245757484227
-1.48394069284976 1.12893643626349
0.433448292037187 0.141486891051209
0.9291678993232 0.233940378838749
0.761066312329716 -0.158708210328644
0.0416287328318087 0.0766629833595793
1.52095628050339 0.0907818025116832
1.28405511678461 -0.197535009396043
0.997226976389721 -0.143102060868669
1.46440066939798 -0.257232211124626
1.11457983953229 -0.138216062466277
1.21447937639412 0.00378561593948368
1.41879958049647 -0.16055643206146
1.39942954832624 -0.16094644568261
-1.88712837978339 1.20633720899568
0.808365135035184 -0.0401381940438771
1.40362568060633 -0.124889327366054
1.22692749726587 0.212859540987888
-1.51651627137996 1.06706594072901
0.346389935542191 -0.0307504261856817
1.68125401205766 -0.267073494501579
1.57133826642491 -0.154344864488053
0.21007628235382 0.0565497397260551
1.53739143134423 -0.158568327907702
0.384480764397547 0.0573204563314101
0.31172506187704 -0.154087702588598
0.565802401966613 -0.205283873162423
0.357465010363138 -0.00686157279048842
-0.640078289251376 1.11405803050908
0.0729685691594989 0.0445569501315517
1.41598869616995 -0.0633470925241983
0.35756704224171 -0.109268924002003
1.13646757953 -0.187028665505669
0.408863492830031 -0.0630081797560042
0.189632787144948 -0.2214710179442
1.24152385951422 0.0664798647146594
1.31613539636166 0.0705983670919468
1.22808191410198 -0.0694903392002222
1.76867272078014 -0.144226288408366
1.20764500456452 -0.144272836612172
0.466926993484542 -0.0394763517480147
-2.00516965236575 1.1737970284484
0.554967039861669 0.0815312087254952
-0.0829022415564912 0.797954525048643
-1.33165090504475 1.29526120624304
0.549389641162934 -0.214780619450333
0.0941466702703607 -0.0772183358295505
1.73236325738213 -0.383650071593128
0.86485509009144 0.0770043523527366
1.23285305799122 -0.0495011708223789
-1.17117158199382 1.20531622608554
0.575413117857033 -0.231787040560705
0.322292768052976 -0.167512919398133
0.427533714870573 -0.142418197646741
0.654917502127389 -0.244677486960464
0.989574286132042 -0.322107836474298
0.651875653326008 -0.173825244026789
0.609087695293014 -0.0779097483120557
1.52874887042854 -0.178509342821862
1.14737758719938 0.00186572959376032
0.884830011069792 0.0526967714914553
-1.60000001577206 1.21586458075505
-1.99283190084972 1.42106509988526
-0.43853693788462 0.404841750667222
1.07231894805502 -0.160024266263159
1.04150579821108 0.0226780134495029
1.74241924847371 -0.00771821499459202
0.851469572301818 -0.06401241600559
0.86648999848859 0.0723286012405869
0.641474978503021 0.24778074831538
1.35037338214904 -0.0778405094008589
-1.0648198492532 0.916057232230122
0.673421218175526 -0.378939341343287
0.97749711586335 -0.071384779120324
1.03112947812128 0.0653163844662781
0.40520009416123 -0.22749439234171
-1.39972552287776 1.49168236135616
-1.66322062596445 1.51084487441031
1.71294665828707 -0.277625450283156
0.788301121258562 0.0194886024061684
-0.533466974658968 0.790289271999285
-1.4033318565054 1.18383497785017
-0.037582980971645 0.185024636331803
1.0088989990981 -0.218763478203933
-2.21603570970676 1.61602260242867
1.1669388734965 -0.185246703394622
-1.23991514317405 1.14749624940352
0.792264069899157 -0.0889868738271037
1.22039173774836 -0.367227626702423
1.08902340269452 -0.219022720750606
0.899326299918776 -0.209298296287751
0.796114028031855 -0.0369100269112619
1.98285187846665 -0.260302206964836
1.57659346419813 -0.174477166887366
1.35676512205269 0.0105044828622938
1.04592044073601 -0.24294865102246
1.55087731495063 -0.0726714838172556
0.234956501183129 -0.142553343105567
-0.209481105578639 0.113759891169386
0.736514854515578 -0.141078025818005
0.360048860259065 -0.261481912432885
1.14858806345205 -0.0359205223932193
1.21265073256847 -0.198333755185812
-1.22705583764123 1.37038456041278
-1.0075413076749 0.777887151537333
1.47015694100627 -0.146631580060186
0.697087342844184 -0.15432684107587
1.47555704760804 -0.136164681778161
0.523351266087342 -0.0257276209725307
0.685781613406003 0.562692595168283
1.13779636961602 -0.0383689339234351
-0.859776742576789 0.61696177910006
-1.45363972985828 1.2345618172603
1.46898799162442 -0.0682794653932595
0.212855469073419 0.252195147504428
1.33806951453905 -0.0242654799120068
0.749517198787329 0.0666603041748959
1.51749636129212 -0.291946808621615
1.20903748699705 -0.137762481992118
1.14723164776558 0.158089217204367
1.7975299093964 -0.240568968046078
-2.07190538240115 1.20992248593861
1.37602729932148 -0.0536769373759677
0.137138919457457 0.107251778125235
1.23049069797398 -0.20427343912324
0.475833882305219 -0.296448153411185
1.71718173631916 -0.3250883871325
2.14969285831496 -0.110803975870334
0.953294892167092 -0.0372416755958084
-0.0164953201727993 0.038184586640855
-0.0756922254850858 -0.0256103698023524
1.23224600882195 -0.104857365486782
-1.29332088096802 0.793464960944792
2.08464521289321 -0.290161914794346
0.411673066492362 -0.167828914695305
1.34354465242232 -0.108287622784424
1.23657964336908 -0.119134516201471
1.54357163805124 -0.00576470592462022
0.42521580229744 -0.0049600502143195
0.44195217529378 0.848909368889409
-0.840556444069203 0.851941185194742
0.523522028393957 -0.125647652780345
0.0422636032428743 0.66308457024365
1.48225361970426 -0.238675030850506
1.33819073287714 -0.0103632674282674
0.756026661451135 0.0745309997891778
0.171195880670354 -0.232830455027737
1.16984506031832 -0.0552517276314438
0.923160581250043 -0.0699934033728921
0.52842267011749 -0.116450990411687
1.08363102590913 -0.197225170116844
1.7054124674312 -0.190687466992518
2.53094272819951 -0.0576715388395911
0.942350763608671 -0.300082977303866
-1.13700454912787 0.826530768326394
0.137741884466573 -0.243623654080964
-0.0377768097074007 0.0178586972216337
-1.88711624848112 1.33997047054557
0.189196809041659 -0.0273652183777899
0.701581750764815 -0.0148429400028975
1.42055743682147 -0.168183989460343
0.607966986126953 -0.0368152989810979
-1.57320406792796 1.04909888743866
0.922213856454856 -0.268586676300929
1.05750352501482 -0.205860790644367
1.04215829838076 0.0363868961318302
0.176650271620143 -0.160889692491752
0.765885900527461 -0.199988860747541
-1.41114565976147 1.38010582609457
-1.40310667520322 0.963337859429478
0.408902830484623 0.0622401782948875
0.615639613133006 -0.00317176079344475
-2.58405421193576 1.99043900866319
0.715691041907432 -0.00447396481382234
0.711310788733468 -0.151422906853871
1.16046094325135 -0.144221371704071
2.20673602925963 -0.295458449453459
0.966983356754925 0.0571622666512941
2.11386539515522 -0.232852331065622
-0.990291546828734 1.4633310120379
2.03685491665213 -0.716853058307601
-1.63799073551728 0.994111391618359
0.537282977058022 0.484681542283423
0.0961673548864409 0.202010737188769
0.517874631458942 0.0889935663374038
0.386348531180593 -0.00543157558119504
-0.834365205577679 0.859503724245208
1.53103977293437 -0.519011680648689
0.244216680931399 -0.135260507203533
-0.218801443981522 0.634786046559547
0.442004596013627 0.00359885769490985
1.07999435106823 -0.222191208501197
-2.03076747464159 1.36334332456632
1.30166432753918 -0.100816810745016
0.343703881604385 -0.061147532454896
0.485346213652651 -0.136416320220824
1.07955461465878 -0.360065130818184
2.61180631687251 -0.503277574853227
0.365546095253302 0.246022406298029
0.800083964826905 -0.151494620716344
0.515048866592409 0.0745828060290027
-0.504645621151172 -0.0394795575794623
1.5266009468708 -0.21340322315636
2.09077677277453 0.0115824527605652
1.66894584614955 -0.366090983826132
1.0836748822032 0.107826104660066
0.980621201254697 0.0418020110412119
0.893628756686975 -0.0199086308672369
-0.527017847895083 0.923962382880839
-0.701846185078783 1.25921891279696
-1.53314051917433 1.74606282370908
-1.13198511058663 1.19662107294358
1.31402569499608 -0.0490292419552093
-0.669499985073753 0.506007480768195
-1.68464231870671 1.36370388724348
1.32339574805154 -0.370887956896827
0.771086104625564 -0.139427341701014
0.406335110657659 0.0926075920213411
0.0222945849253874 0.130505933249441
0.254122834861223 -0.195553537533962
2.11431664039037 -0.199289734375385
1.37957413389368 -0.033702366944286
-0.789768290833681 0.667179864128403
0.979703320068325 0.0757633532515335
1.12692153461959 -0.138289346081013
0.272885781466967 -0.0589766146936035
1.90484308071841 -0.0578059890339674
1.06759965017803 -0.137917060298194
1.36377004969862 -0.193260493678173
-2.06375579377301 1.11562917206016
-0.228559595837252 0.670610954576975
0.0218754948278591 -0.0905448266868716
-0.0994317818828495 0.737461326698708
-0.401687100273303 0.525487217782586
0.717760664671993 -0.241729776074691
0.87804189441002 -0.159334235579033
1.14710873115258 0.0107086722562682
1.02341271926031 0.326042180913769
-1.53172108147874 0.979895888933955
-0.409748409552024 0.56146327319727
2.27128636873479 0.0218062766961522
0.932577558652274 -0.159874188118764
1.31452943186845 -0.000811043195230801
1.62893439763195 0.0141330241446557
-0.426010568234998 0.969999730675962
-2.3984191145311 1.25405708291268
0.794940436131543 -0.290289564554519
1.2500740345063 -0.0646510751516987
-0.507514526729063 0.00673235160251559
1.19061924276534 -0.124980247866678
1.65444289063137 -0.125278551623309
2.35863439874255 -0.362304406873225
1.97500795362811 0.130269901060329
1.2623517155984 0.00236353874561258
1.8044550466518 0.116654871742253
1.74434971834226 0.097725540928588
2.47333804651435 0.0438610463638044
2.48558610181434 0.23102965035204
0.3691507698089 -0.110555293240375
-0.754187692974296 -0.279665811880759
0.496901835195363 -0.218266965072602
2.33181103833777 0.0263941825814577
0.850991806831104 -0.0259258077423354
0.617552167448925 -0.183591308858944
0.870687050383683 -0.099976734120624
0.0465618922061892 -0.154172680116208
0.754464752850626 -0.149748742471582
0.58686997056948 -0.0559407414275628
0.501547235610034 0.0385081682788827
-1.02115076447712 1.09076048873799
0.526789120800879 -0.260663122805395
0.508229796465661 0.0445523772286441
1.17851551872115 -0.145606982720127
0.585175170943026 -0.190458166767978
-1.10554921876175 1.30191533861714
1.77313300267574 -0.30953812455238
0.98281174231194 -0.0394997181891013
0.35407538631539 -0.157002619372076
0.689310709247632 -0.450591037997187
1.09022267569596 -0.0231037605380255
1.44398541432187 0.128909762933384
1.42679135179375 0.170974224167625
-0.585031286068536 1.14776331804409
1.22165244514822 0.0346242441681592
0.684457441896414 0.00297372076913416
1.2926888218048 0.1496028266614
0.68236272345214 -0.0337920363837171
1.15258008404737 -0.0963397812096411
1.05161987917562 -0.210618337393545
1.22435983698846 -0.0144595120984321
0.82930704923031 -0.241864911379447
1.22517431677758 -0.114456900606443
0.758328145820223 -0.0669243005897809
0.593420521019861 -0.208144942564737
1.51815204303269 -0.0869644933654745
1.32337817120434 -0.11077828521578
1.17681633301829 -0.04481314857714
0.952873141061741 -0.102161086161893
-1.4565951261823 1.11916244817215
2.42664767943027 -0.0139135226195871
-0.542947154020885 -0.193440300505311
1.18850495275926 -0.150658169608311
1.25075504955243 -0.302356579119171
0.698759528128283 -0.0489871624437457
0.726128173327935 0.0220172459610436
-0.042908745749205 1.08331105758025
0.986847623524451 0.0505772175311891
1.51511000730995 -0.062345389600399
0.738820218502734 0.0463723622449819
0.434952011067986 0.939055058761
0.292776377062 -0.278339987062481
-1.39945598392494 1.21316675680271
-0.0700039142970383 -0.0796569857498042
1.66291968646915 -0.043168939212156
0.72623400721686 -0.35058185287524
-0.513002028577892 1.15256363499619
0.933705307175077 -0.164184720227816
0.702934376431253 0.235614751097784
1.00498961158646 -0.144801502802711
0.143644274068576 0.763226494778016
-0.489043399815443 0.772728131606812
0.780119394562498 -0.354699907557594
1.27383558407712 -0.0615255967970334
1.27255181331981 -0.378441455965975
-1.81880972988308 1.15184136217581
1.15305085064182 -0.127318869073798
-0.464590384805257 1.01032999175563
0.787537164244954 0.113421340641873
0.8317561000538 -0.169290302910553
1.54023207160123 -0.106115892939607
1.00213420563436 -0.190462076910606
0.464773754294046 -0.154851508475017
1.08848700848854 -0.0189181034945794
1.22731720189811 -0.110547976653472
1.6785202744524 -0.200811014300172
0.761918165523919 -0.314861332722086
0.729499182521725 0.0601456479176256
0.694839881108903 0.0863030465301077
0.7767558437118 0.875095046536189
1.2448536772049 0.0841154455876831
-0.161996779887694 -0.488779682172057
1.90691073004144 0.111693172066464
0.789486245615882 -0.267126562694506
1.25927297731162 0.114202978630431
1.41722068903515 0.0665948434636532
0.0340983668913704 -0.147528918788759
1.6345428048211 -0.110794171384393
1.3113756732307 -0.00750524762959423
2.13063929094798 -0.0363171505842071
0.168554028672652 -0.197065374473883
-1.79448474390868 1.18621339259578
0.168014403241084 -0.125850831332507
-1.06153375571093 -0.369075021215396
0.329230600869617 -0.0366675729885917
0.686032753639525 0.0270894649065412
1.18815089468279 -0.100306491884067
1.37132703812224 -0.123973907787789
0.466168293722074 0.0301101736638675
-0.738238568463154 0.803034969333181
1.26145782201354 -0.203045941549509
1.28156170545547 -0.113021018353786
0.126376729700051 -0.18647887199469
0.961606139908317 0.00179286998638108
0.76485355625525 0.0570536940234657
0.386925094443916 -0.158165954256335
0.33469156003086 0.961160500192955
0.896740365480028 -0.0367446745732418
1.11638964688601 -0.176012401149072
0.140737059472351 -0.13009314452308
-0.937485190743315 0.847665304040293
-0.698903972741363 0.473160382697949
0.702227718298697 -0.272533465995506
0.58097642438505 -0.055475498403603
-1.15872328448969 1.25024148031103
0.985347267256138 -0.117889488700659
1.56374711121835 -0.157279890650137
1.0333469394579 -0.0543907917260072
0.370298886230565 0.313090579759033
0.61963239233834 -0.166876811357861
1.18949911707448 -0.0462275990430188
-0.415344967457453 0.529013164296059
-0.462768701236365 0.670461603112347
0.502691412961912 -0.296579339362076
-1.6813826603886 1.75789818707465
0.792715987267652 -0.0648274821173892
1.13695081708441 -0.134159518955224
1.08727074490473 -0.260710522762206
1.11164192492473 -0.194997008480192
1.19186986450879 -0.298320232613955
0.924492795896487 -0.0275901093823831
-0.6717030942173 1.30309574219742
1.01018792601417 -0.189826997584828
0.960542024798978 -0.207088518682107
0.902713039907279 -0.0993857084719256
0.787740614995386 -0.0332062428273432
0.459954060696695 0.0713867522921824
1.61178302765743 -0.176624231587767
-3.14149039478846 1.32481147411739
0.619404590910584 -0.0443437877111882
0.240020298771001 0.080245076776219
1.38407134491422 -0.268151509293373
0.167648436323419 0.00680252970077534
1.04238076998948 -0.169174424944183
-1.34217614303374 0.915972250372338
0.866380606346561 -0.0743759774278556
0.482165580252163 -0.160261250281923
1.1194919915663 -0.244970436380718
1.80452631380795 -0.169367983634248
0.147525120264642 0.11415733181602
0.159454428871078 -0.0130288363757129
0.812573881047014 -0.114093864635482
0.816419261668062 -0.0252028832085479
1.24102223219704 -0.138961685096875
0.709125588830354 -0.147732476290446
1.01231259330307 -0.207123345929299
-2.48116866780301 1.4581174749662
0.702212037682387 -0.151923131380262
0.74404065813128 -0.13254497529562
0.630667419162228 0.0275770333779009
2.82557542552924 -0.781919854424185
-1.76178227478149 1.28934925922036
0.912051353815687 -0.317680289615457
-0.787413486092601 0.851930858863851
0.468580229086783 -0.0527170931431101
1.06003133646032 -0.173552255407193
2.04366946675578 -0.18204264137309
-1.38589971418343 1.20458492016197
-1.04698819663048 0.927433213539845
-0.67779836735253 0.772181001053392
1.31238055712449 -0.0756807944544114
-2.17155822252796 1.61711860679559
1.8490807837664 -0.347620501120028
-2.10757003928157 0.98779788911406
1.44646592850773 -0.474629872451045
2.58178131547715 -0.776971042207879
1.21442796597994 0.269561814572015
2.86640085626744 -0.545393266146522
2.83731690454492 -0.304890115236298
0.167632663368184 -0.089836844475336
1.32120314594493 0.359067994694705
1.65253699217164 -0.306452455075683
1.04451721274361 0.0559214567952061
-0.149420562530946 -0.176272663341006
1.52658499666778 0.0326743248635424
0.381316181293606 0.134852814677066
1.48381268856937 0.0681538826947832
0.698597739604334 -0.0971254394821405
0.704417553378924 0.0800509193867839
0.963464563083795 0.0522225457103825
2.09774319197991 -0.100480275845407
0.572719151919013 -0.305226250003636
1.55351117863099 -0.135346397898142
1.12291480501631 -0.141832164643002
0.639075778048753 -0.126520605867515
1.66266712576007 -0.117071192355314
-1.83553575137569 1.09446076759036
-0.355588961327243 0.844090484996498
0.253743809888086 0.533222013873158
0.0283330698277707 -0.129891339070228
1.14325337896205 -0.0447902419347733
1.38262097779286 0.0157741675913256
0.534257758914725 -0.161842082746598
-2.27267956735024 1.39126186029713
1.42081055121182 -0.239897770172411
0.957126175570166 -0.161360859779065
-0.62401457087824 1.17557306111778
0.965711731957244 0.0212099683638662
1.01814666334538 -0.0356258631164538
-2.3241440162945 1.71450323278855
-1.08484676030238 1.00528637321149
0.250737014462633 0.102279458370824
-0.15093019137219 0.215518699750638
0.980586703549626 0.0480562612351697
1.25762905988097 -0.185297060154026
1.15771191936793 -0.3601191167564
1.65811185252021 -0.462528624324914
-0.43125525342029 0.733141757294638
1.09425084991008 0.0823806161793647
-1.04984363963705 1.06217156339186
0.603841244040299 -0.16130817146997
0.543438975477951 0.102269468407749
-1.79216442282881 1.65872976710267
0.836851295865494 -0.0920253489134556
-0.348811098002132 0.217265476012857
0.515877376496627 -0.0928595551878836
2.00028613460812 -0.358616652544746
-2.05290554132255 1.64698276805883
0.266835562167648 0.0512747095076569
1.41625904728697 -0.23056236071076
1.39049593310631 -0.178266000234378
0.713423732648621 -0.0906850956547018
0.367883672869437 -0.153269430015275
1.13332489637098 0.00268922052391243
1.01501446171992 0.148996241657389
-1.56255648697455 1.06566974636925
3.14739373551591 -0.456126038223732
1.6640653335056 0.189081627745168
1.37177032872431 -0.0283156476886967
1.01388329175845 -0.191153325682257
0.200888402023089 -0.0230401604721261
-1.40730680884335 1.03416855374485
0.63693714612914 -0.037657750027932
-0.739912110597696 0.771544477282902
-0.830033455369337 1.28424758235905
0.434755706754877 0.0144598159626955
0.238282208042874 0.0838571364647493
-0.484587227556261 1.04310493368087
0.885038364291493 -0.0333421278153512
1.23252229263788 -0.0967040598827993
0.312843086818572 -0.110193644694354
-0.306474997208918 0.744034697653766
0.735719968664147 -0.267609426405694
1.33498913677219 -0.144205343267069
1.12005010835533 -0.0528489867210195
1.15192616102333 -0.240559580574124
0.302649213135013 -0.240656849575001
1.90473638526199 -0.0242674627272432
1.05490734104182 -0.0583278726868661
0.461963786571919 -0.291503873276282
1.02608166542274 -0.0865859617344085
1.04643207539467 -0.0581946226815683
0.999584724278035 -0.0610851644480651
0.90923996930834 -0.32794370895669
1.85299326829306 -0.104678861199038
0.336431814735116 -0.166508722410702
-0.928119672448342 0.922090425047434
1.16039099638009 0.113206850432772
-0.896735790505987 1.10170425109146
1.19267213456076 -0.263427143423369
0.267150963682574 -0.0315975942589341
-0.25471779468413 -0.177530023000887
0.216986147069772 -0.185844249098771
1.44185443474053 -0.0646758332933944
1.3270717236896 0.00666217855156323
0.670417546382089 -0.0602592440075137
-0.857522827822313 0.891052276062878
-1.36563923813179 0.957245947564312
0.63385523808361 0.0699791781515603
1.04534030471941 -0.190445322636837
0.981574922456324 0.0886086659407914
1.66043667794609 -0.27861927636581
1.27710909681602 0.0553711019403242
1.68786103921938 -0.180727048590344
-2.71825440943097 1.50145394487993
0.0972037783961448 0.405349402765171
1.49141354180756 -0.109365885632841
1.80241552395605 -0.37200203811032
2.15106751342229 -0.312976328088983
1.24970401209376 -0.115924039536904
0.0316486896487354 0.643795476276677
-1.34050307582945 1.12948831729878
1.76500242462077 -0.0769799879645578
-1.32305635212738 0.0933948429904529
2.86391635882711 -0.463368952774897
0.248830514815997 0.737292697483762
-0.644669300341368 0.547312105845032
-0.0420640055655719 -0.175321728942215
0.897342357775736 -0.295040959569096
-1.07652336225544 1.34474749566926
0.439998673436791 -0.246944767523235
-1.12714037672254 0.920940472430133
0.563594456402802 0.142620204135554
1.36428373690648 -0.304420562786908
-0.573600676745174 1.07537511004854
0.701837092217802 -0.171789267186894
1.31745594306936 -0.0609221984215546
1.19975137776047 -0.0482247359032619
-1.42346497140215 0.930490885341619
0.417829871437378 0.090901467018444
1.438044842069 -0.11447920033343
-1.62475546362049 1.14232211172502
-0.129843772423211 0.738995590207024
1.31914082040458 -0.278579641792523
2.00298075146553 -0.314572764527047
0.263820723058654 -0.354136285862688
-1.26473224486557 0.890417479570491
1.84544526131401 -0.172610677339247
1.66640408009074 -0.153641219970042
0.209931749879089 -0.14413571222087
1.39519373693681 -0.309936480257799
1.21583521089678 -0.184555322414625
-1.44263768478307 1.25375602472244
-0.586861700773492 0.934615576694595
1.1087756836711 -0.0820622665767405
0.782695334749085 -0.00858565259188163
-0.381550975635802 0.905466140863583
1.81199157964045 -0.206412382176146
-0.765757645165159 0.610345346318042
1.18977732199564 -0.156973498979613
1.45605234729722 -0.262311795351945
-0.0296328627689191 0.714209682377706
1.08785656348726 -0.0037123091046717
1.00900086441668 -0.194925132911494
-1.14657775269849 0.874250267473031
0.381021069625522 0.0733153898812089
0.590989598499387 -0.112957017268961
0.695465504323416 -0.28333331820113
0.921388736205052 -0.114655541811452
1.61733073404011 -0.188688090459803
1.05153775059417 -0.102059778857385
0.724512256511525 -0.290498685667115
0.379216491378712 -0.270513733072195
1.22376948375514 -0.266041856122862
1.045482742382 -0.0494877975709591
-0.767968744483761 0.835046737299286
-1.89306479905742 0.930409482220293
0.723139151390884 0.00529138952667067
1.34703132886874 -0.0114169175086771
-1.76491103684582 1.29802349279839
1.01268483634949 -0.0773610709071495
1.11000437340835 -0.0742891985857617
1.57965027779862 -0.151152337104242
0.114393941897739 0.893070123812644
0.885806895992616 -0.129362576295699
1.31823763388414 -0.159610388236418
1.06685382804341 -0.098269018243681
-1.67404326762225 1.0950541332217
1.01507253968992 -0.447848622343697
2.19467505709394 -0.192066336976588
0.577328088911597 -0.088464524835672
-2.14117652079832 1.25939159091188
1.4199574841086 -0.338883015608985
-1.35298857045517 1.24167889095157
0.934715908145741 -0.148097449355373
0.981138510388256 -0.10557629520708
0.137994051059389 0.17095625898683
1.2197275177178 -0.0103005754302417
0.881123177407488 -0.181969004437984
0.890886788498192 -0.369813925247426
0.787083918932497 0.0113722536036679
1.0527999075415 -0.0704837678259576
1.71684785800698 -0.145446623474041
0.195218560490278 0.806187812602968
1.46891404746794 -0.0124943831985981
0.344900002986111 -0.132893912468286
0.88417373178827 -0.134862746824541
0.533248155997464 -0.219410183197193
1.7917797438372 -0.0183910842139832
1.20447764165049 -0.109247419294809
1.37079503119927 -0.0322757469527928
0.198002060830018 -0.0402850248817493
0.622068995230292 -0.174991733582457
0.490629022207649 -0.267220295296417
1.02295269765384 -0.204766933145691
1.04539482457974 -0.263566691835384
0.635691310844028 0.00927476397581588
0.453733782342806 -0.133453643485321
1.02731460331073 -0.0524795044450276
1.05683389506632 -0.025261578904706
0.289040969541001 -0.0646756220813011
-1.98263348965136 1.11332172340421
1.16883894869797 -0.314065670432725
1.97147012642214 -0.150069523584365
1.08120621718088 -0.164803983995255
1.29516907194644 -0.0815069481849452
-2.16347672967083 1.15277241011702
0.661932467996836 -0.182434193911765
1.09938719923448 -0.0863303098648674
-0.773342643696448 1.28722652275019
1.59943982668618 -0.367749748800695
1.68001905790824 -0.253257491727601
-0.697152109350322 1.3559661780131
1.1636325666053 -0.36931209278922
-1.30054287200569 1.42113774675323
0.154581324023509 0.170722609648712
2.58528282099594 -0.583701697445959
1.40889132832896 -0.0579852599609644
2.02126703948981 0.00208576780960236
1.42626035681529 -0.139779994644153
0.243419673886781 0.0228178030347876
0.675900487897303 -0.134629564537342
0.788425953815515 0.239970096382423
1.11654715307092 0.126831163789512
0.875511326684589 -0.253250163513876
1.39372832662936 -0.148867050980132
2.01298375190881 0.0149723455207163
1.53437480244998 0.0179422065207006
0.0877928944161563 -0.319295832435342
-3.89425916213827 1.60849301049947
1.58774877412444 0.0483022001799751
-2.316724959402 0.255745974672402
0.776450908501768 -0.0428706709441822
0.333849234674032 0.641442761911379
0.640530254392022 -0.147888835672732
0.817983233665428 -0.144937831258399
0.622963312361557 -0.00917570166453137
0.921033789846159 -0.252866326780283
1.57065707580418 -0.067535543553115
0.75118090708253 -0.146732026911698
-0.048897109126594 -0.0686804237298972
-1.80602400766683 0.97181186232751
1.51480580164744 -0.231484547018238
0.651770611680827 0.0127390309642256
-0.0974764515103512 0.129270693666556
-0.137669329050568 -0.141238741051277
-1.06739577328537 0.889859669753396
1.00985158460801 -0.201828412947025
1.02231358181733 -0.0423725032186107
1.07303357091556 -0.0643215784525604
1.22322388601628 -0.0898941392538192
0.838725832851008 -0.245766480211358
0.493963510653041 -0.260235922352421
1.46226305456383 -0.41824627445831
1.93155644514921 -0.332419062630323
1.13158759816631 -0.213801973644866
1.73406935307598 -0.308866582584131
0.483640870474913 -0.162325441642012
0.642000211445477 -0.0821280126115746
1.54473270975852 -0.154424183253165
1.81845268015759 -0.168835281825618
1.08971693430205 -0.152936930042462
0.411612957828994 -0.0106218071394287
1.15815201117657 -0.0507243316257841
-1.01708839752209 0.975910470579351
-1.38372407052596 1.19545577921227
0.59685249916221 0.226439241673621
0.654214827135359 -0.0441745601474992
0.182451076001025 -0.096318256321757
1.47263672396638 -0.298950240758626
1.16034923362707 -0.0942481230398227
0.85499580251263 -0.0679074894750237
2.07612096350105 -0.117957878823276
0.821742550211878 -0.0649381965179659
0.764471550670969 -0.157585877504505
-0.387454219340744 0.933166292530113
-0.864341731430518 0.833862675854905
1.79542243649825 0.00273867347430334
1.92736038503904 -0.218423391321822
-0.0695431613322286 -0.149029408786422
0.127320038414758 -0.450981228314157
1.91442394663162 -0.0552230211747542
0.554973457505544 -0.012313515953362
0.738915275972443 -0.2654227488249
2.11492465762999 -0.0897499213783412
2.12262838040106 -0.0796545279576013
2.6588618665672 0.0284879937716714
-0.99710875727064 0.853503345321205
-1.71837007207612 0.804505077826425
1.12766894044592 -0.19158488375338
1.88389621459346 -0.128494775163876
-0.216652819009031 1.06034027280171
-0.139243439157732 0.00910436453300034
1.14885130234264 -0.227841412857452
1.27548793450993 -0.116133703309248
0.286702226736915 -0.0554384742592624
0.309039225974224 -0.364365783367617
1.42107025710691 -0.0623677682726106
0.683572567655289 0.0434110169739331
1.68589656199556 -0.151552084448543
0.923417124237638 -0.028843309643898
1.42582917730431 -0.278745861634389
0.949668497744616 -0.152593627534276
0.457376383143927 -0.0918515522543154
2.05927710406405 -0.107883985817712
2.52614971085123 -0.0915669476888358
-1.84881137901395 1.0456036030444
-2.10455724939403 1.64347564971765
1.52833009489439 -0.162387340031009
0.973457653966523 -0.0533558047747787
1.55802117810199 -0.146214238938056
-1.52019637590359 1.02525538183325
0.131809984336844 0.731864097447559
1.64188489882847 -0.458176830074755
-0.296803509874802 0.072468515758718
0.178670408767726 -0.101766925033994
0.50671876957365 -0.223759814772802
0.58189435105689 -0.285160378907651
1.45968353644969 -0.30881365895041
1.23774466128896 -0.206149938410954
0.155029659894814 0.742417840826651
0.530803296390315 -0.0861006476945241
0.796171138246041 -0.123648019219243
0.94307016151534 -0.385589246901239
0.695160024930129 -0.0546945452430119
1.63333518426935 -0.0409152547894586
0.989175491179195 -0.258479221490146
1.24187538669936 -0.124037841671268
0.558964153651293 -0.300653055429643
-1.21337120896574 1.25988868300085
1.87030185151662 -0.128156613476802
1.54402500506091 -0.290161876776785
1.66296655833832 -0.0335391616814374
0.987122430716715 -0.171421899200149
-0.404356320879416 0.969869448230443
0.406522127144519 -0.0553805102030028
1.16804938576604 0.038628424629328
1.34399308934628 -0.0349987133138719
0.438376124062479 -0.00513972156637034
1.4222972484816 -0.0704825043737208
0.399658531339778 -0.00260630212415494
1.04899233743602 -0.0772117349627308
-1.65624517473422 1.23499012754412
0.328930487349394 0.133095573537689
0.430003274421013 -0.0648348801971509
0.0125172892216182 -0.090649716758696
0.467799570284041 -0.0112058149410598
1.04530357769677 -0.0912662587634548
1.47619001184674 -0.137822077206202
-1.35925358359343 0.799680892420723
-0.0638022759976091 -0.0762032763891405
1.72307072205283 -0.106886076277012
0.823744913658158 -0.0835087963683705
0.597373547651323 -0.0457093027702515
0.750206945227518 0.476135051478023
-0.733633272226475 0.750004615362458
1.53719694520617 0.187377031048894
-0.394955889393182 1.06459576468357
1.37250983811569 -0.127393685372578
1.94379212065795 -0.0534751121423846
-1.36736904595636 1.0609662554802
-1.58458872783162 1.43979265249908
0.874180593168513 -0.233705150285952
1.34427570947671 0.165799312117845
1.41866895234966 -0.0038266260866166
0.88077332968557 -0.293585625085695
1.25696339863326 -0.201399275599381
1.46717778794829 -0.00994306972226296
-1.37083008689278 0.910599411615694
0.174964868557918 0.019129537431144
1.32147080731363 -0.153536674299692
0.981203140818134 -0.213210289599364
0.976700075908352 0.518994139708573
1.21233781267605 0.118253965345341
0.552822300976234 -0.0828950795265318
0.963228710861896 0.833168426811269
1.65733236503695 0.28708248499737
-0.983580486053868 1.17745578470169
0.817712500651508 -0.156024109834877
-1.00973473558654 0.902398266207966
-1.78997975807351 0.607967184630966
-0.484938667214192 -0.132805558173
0.132189096560878 -0.146517841974461
0.186163357079943 -0.136026027515188
1.22259701794343 -0.138709497263388
1.42279172348569 0.0224390100751878
1.24536792262728 -0.346579531996624
1.00185435969008 0.113750728026889
0.426785826320934 -0.326122774162684
1.77637194500327 -0.0669699181184608
-1.66084890658792 1.17997990594002
0.830109259368813 -0.108066077730506
0.520150145949295 0.0852848700523029
1.27137714097889 -0.207925891536658
-1.11236832155183 1.3822636156851
0.467969016704166 0.196234698788157
-1.14647245837852 1.44354274047149
-2.19135340294211 1.56920194884571
1.19132792093299 -0.268308648949744
1.02547530836838 -0.232130216803278
0.314306905021952 -0.0126674917641229
0.112620007532188 0.219398703152231
0.0561608173252288 0.269919884688146
1.60563354693578 -0.0666401295489002
0.622718511598826 -0.187766635775979
1.04637309803508 -0.0196196414786443
0.0429266010810934 0.28188276768158
1.28775454607203 0.114850566841979
0.655082650977825 -0.0465472832777377
1.0098752729889 -0.197384139598754
1.63843541542834 -0.00412663798367692
-0.494049021903697 1.1245772777989
1.51191650962814 -0.0989163481228687
0.609181947307632 -0.341156326595618
1.65582720831593 -0.388429041036433
-0.107254918838507 0.180359344081427
1.8553551802824 -0.00537523682424365
0.130857446933268 0.459687593413171
-0.309268521924115 0.922956232480502
1.33670189901059 -0.128648434836493
0.245542176396247 -0.199706419705501
0.72007703059211 -0.14299714603099
-0.911367382499424 0.854302783554293
0.905549084249728 -0.300201531956118
0.993659897255591 -0.0728536984627967
0.988056507588593 0.0182930952820522
1.48504277851532 -0.209415657966049
1.20666789467076 -0.206366785253245
1.40759780401688 -0.377867638082917
2.10713181744163 -0.296561065469096
-0.831756885531663 1.19969369391434
0.235491023940444 -0.268254159681869
1.52666990177077 -0.124026882415761
-0.242450246047667 1.27413429916905
0.115016195783901 0.597692405955026
0.564981332216508 -0.181079441125281
-1.11544410047059 0.949783674299556
0.827978536160674 -0.060396728621758
0.833187650600089 -0.231898385928058
1.49569021889953 -0.124040588183634
0.478932662042853 -0.0809615317930469
0.510235974759645 0.00461088422006663
1.03288714089858 -0.21664647837018
1.28165705162847 -0.181168685284151
1.92904198467043 -0.224301599966964
-0.212751549763305 1.31524736416086
-0.253198832048784 -0.318770604458839
0.534913784150272 -0.146343111516325
1.42678438457107 0.122212695450825
0.93669493962037 0.0722137371751729
0.944647438101839 -0.0115385080056108
2.0269590260768 -0.0207742517367881
1.09729533323811 -0.0432438949146302
-0.831234439161338 0.965891083155028
1.71344903580971 -0.0917493121897364
0.633019964888865 0.0173746456888348
-0.19026733960278 -0.131906976342698
1.1135115915443 -0.0746107079657998
0.00509189903954954 -0.0739381114097745
0.429147662372827 -0.171648777093506
1.93412162403223 0.1701186077906
1.07328155724873 -0.157386586768649
1.21006673448233 -0.258182183879581
0.175490187537134 -0.418829279577921
-1.6381863529945 1.15186218749058
0.420807266873306 -0.04844979338129
1.50431021681953 -0.126851081823687
1.02161675650366 -0.0146994684026155
2.08658578854729 -0.111621967797607
1.35048161225406 0.0118033673019477
2.63474984239328 -0.400924382739013
0.905973447703416 -0.063478998947905
1.26596565585798 -0.0641649492306265
-0.513918728944051 0.789348106103223
1.08030682751839 -0.140489661107272
-1.83566085044355 1.25173377093508
-0.0631025213327916 0.0680562807389343
0.257552223877414 0.0919842503944202
0.98093645427595 -0.293844441589416
0.207587706642269 -0.082343741161406
-1.85762301905857 1.25785387808483
0.358531986483256 0.107400707642919
-0.548398124690277 0.781260227421368
0.77889651722666 -0.0932246136562164
0.633533240758859 -0.0467782852383268
-1.00633387640307 0.804225111835721
0.50871153125217 -0.00236505476472565
0.822762457536843 -0.164953987041847
-1.6007406663412 1.19837146326861
-0.538294454059103 0.568160746725863
0.333657848260222 0.15757766553466
-1.64001479588955 1.14146959527531
0.00742371369106265 0.33912997455444
1.30056692003067 -0.187513876188604
0.0252061424619857 0.172415030074426
-1.82901524324858 1.51671234186155
1.29626037126402 -0.0404897915772799
0.614097965363527 0.0567233778902587
-0.263058104138401 0.807294833570474
1.38870645803749 -0.247955853837719
0.840301547072107 0.116941665305568
1.18628744101466 -0.0501870663791855
1.43753182268116 0.0130056327008574
1.12884620337352 -0.215513960866485
1.22593783164702 -0.0695211555587961
-1.79323094873638 1.22955700039979
-0.982405412215746 1.03926724996601
-0.948130110150758 1.01322592988736
1.83458759932422 -0.610795941360078
0.399751760533239 -0.180528612402328
1.22854009322007 -0.137217228853597
-0.307698540548065 -0.168693416692061
1.61776382766639 -0.203312506992158
1.34170446004163 -0.0888349544446003
1.82350842693721 0.0269132289690942
1.40296151159975 0.167711036812202
1.10019272874173 -0.0441016452372758
-0.0657536058424091 -0.0959646213503458
1.94163638623841 0.00468665675199327
0.558744549056358 0.0480115085220908
-2.67837112327094 1.16932163262859
0.00191291356718704 0.142754585048028
1.19196664325355 -0.311883267111113
1.89116923264887 -0.145359538710118
0.0594745755038421 -0.148037724991508
3.5166097285143 -0.299449286820076
1.91746279538072 -0.0880993849169375
-0.89813300895048 -0.201112229721108
0.291924033514434 -0.129477161050913
0.583696997360065 -0.100782806149987
0.367575581190522 0.0875454532248035
2.06389377152926 -0.0983336406969004
-1.07976309118541 1.09399457049288
0.937255466195489 0.105379565980231
0.705574036807934 -0.0993733577870577
-0.836725714442147 1.02693206258403
1.02851215812115 -0.206111103297637
-1.06617316543893 0.953686183586537
1.53255717983595 -0.290579906247595
0.0526425639263886 0.794064415827376
0.346957708920768 -0.0426581777464079
1.08612084718529 0.170045729330991
0.14037295775588 -0.00217623232727218
0.793418455306003 -0.0340589506600618
1.21242002739306 -0.0994808026181413
-2.06710251726209 1.09886658319272
1.38014487231694 -0.121804264109668
1.52616988335332 -0.0817018320165791
2.28419451997361 0.00436577788665934
-0.326203272786923 -0.13179025641766
-0.39064617422337 -0.28136948763545
1.09306556850601 -0.172255739030821
1.34524455857993 -0.0677019462959812
1.02551241747981 -0.227132718345911
1.51273635844512 0.164351463987747
-1.36792909500441 0.999827134757987
-0.0375745352734624 -0.300009844167875
2.19912532018024 -0.0176030572314105
0.667643393808267 -0.225556426472749
-0.708795512015872 0.969619878420162
-1.25865713005196 1.25187854902171
0.42252885178627 -0.144132176943445
0.900522090373983 -0.339034254784835
0.762149439591146 -0.11188386714776
1.00746974942942 0.0293361479676943
1.0834294252296 0.300857031749049
1.17987516448188 -0.119246726334326
1.12056052470804 0.00641254350240993
1.13388397355927 0.173480464584215
1.25149182432642 -0.429760946511462
0.645690867228296 -0.245162293537226
0.117658193447316 -0.261052640654904
1.29151285535577 0.0981521162684694
-1.90760044919882 1.32757480436888
-0.115418949200269 0.437591629969979
-1.22602939099473 0.683403890631077
0.746513628071586 -0.0323954101094603
0.257082580430164 -0.0826077582171992
0.500770007080597 -0.0580414673682452
-0.814506714192615 0.572460403147199
-0.534332181567402 0.643027772536849
1.58157941206907 -0.124158430579659
1.30320173863337 -0.0652237493920511
0.663858925309923 -0.0304822649847049
0.992287419947922 -0.304300590052519
-0.704947531696206 1.01941372790134
0.466939906600123 -0.0428596884759741
0.0670866746412608 -0.312600112339745
1.06255690168281 -0.130319565408096
0.912916702556554 -0.194836934012175
0.35219416512378 -0.15459384301236
0.765284529293367 0.0306841429065431
1.00364565591909 -0.0402681077880225
0.595239617783115 -0.0819184037345412
1.36409942739221 -0.0443996998417747
0.666753162528564 -0.0533080649254249
1.61569842292453 -0.230069961463617
1.01708857437937 -0.101866065613522
0.2559013250292 -0.0270556285942764
-1.52552498360036 1.38603443854945
1.3866261943646 -0.172377766710067
0.733498536791088 0.012488549302959
0.443521411959592 -0.00676253709179503
1.04574303063342 -0.0940382328547363
1.63880436983794 -0.218922305716005
0.0321162090198615 -0.0204491207767825
1.14016615005508 -0.0114505086893569
0.163982822330387 0.881462170792413
1.77277389852167 -0.197969604546582
2.18339237468119 -0.245908586513596
1.64081474744579 -0.131065917955728
1.08227623919784 -0.138836253853956
-0.547318602399719 0.0901893012798849
0.846911178627931 0.495847855742119
-1.5162064912257 1.07819518168558
0.203433036131982 -0.223438009770628
1.43334270360844 -0.389342190886446
1.36967083208631 -0.048451118495535
1.14226267893593 0.0809775074606639
0.946258158299035 -0.202864750982491
-1.76259546524782 1.26449532763271
1.59663897609194 -0.188224274730338
1.45451953761025 0.0117012824709111
2.58449413263159 -0.27925044695989
-0.700032278045157 -0.00979074204847988
2.54050955837932 -0.286079813499457
3.233969638847 -0.268709421517374
0.950713383148451 0.843429452089201
-0.645927783756928 -0.311115839627815
1.13348127747236 0.00921531980174192
0.259024233162864 -0.216519142714572
2.40023835684674 -0.0879945456050969
0.798730193782039 -0.13684634682958
0.992044541842933 -0.162062761504402
0.997653202408063 0.00942811802026182
0.85737836189286 0.865887711669805
1.39154190393745 0.00982949090242488
2.30915629741624 0.0783969325865952
0.427269889555823 -0.292935517267596
-0.532220419805048 -0.352245064474268
1.76556123571462 -0.0315486758373535
-0.976123739072253 -0.427934786345306
1.41888027496477 0.15846279835015
1.02944306742311 -0.166743673601997
-0.0640431808202055 -0.243104112609339
0.0538281252163956 -0.259654443535023
1.36278224061471 -0.0884297988967941
1.14619896197215 -0.0922805492423189
0.959871244763584 -0.151982801488156
1.23031261135096 -0.0367846238068561
1.03476020478493 -0.0873073847718408
-1.16364170564889 1.15157234532321
1.62016897672011 -0.106417439217655
0.388242079172408 -0.261058056930078
-1.46238637182064 1.07468739274308
-0.0354704216464137 -0.113335038862189
0.504521802787981 -0.326099109364572
1.47045602400125 -0.239496877009967
1.17377739993978 -0.195274956498411
0.141469120395579 -0.174435386420019
0.999281756854572 0.114430566209597
-0.638911577578139 0.68063244354127
0.942512717115472 0.0115806594861042
1.36324024646753 0.0176640945722017
-0.0915142257524386 0.111929427807566
1.02632520253766 -0.17228932575049
-1.33167170878074 1.18529603106802
0.689866172687568 -0.0519714820750261
0.982129926079678 -0.0240689145245305
0.115830889413265 -0.266732784196013
-0.99647395757183 0.684066844806118
0.7323043531512 -0.0345668542881011
1.32793314506901 -0.149808486776571
-0.234897227810674 0.891195626393834
-1.97339899120818 1.44099105769993
1.68373058612657 -0.199058156586359
0.962913041202894 -0.0584275162713757
-2.07482034898457 1.84302904553012
0.969414639518668 -0.028023677807819
-2.89862742849988 2.02611145964642
2.14163183322029 -0.495328919777967
3.18183076254872 -0.467104725423635
0.530077723469333 -0.0606232769295383
-0.403592783668514 0.131960920158931
1.52184505586354 0.114533237863405
0.7363698342675 0.318870827895445
-0.523169735044151 1.12259933606485
0.0180210197131081 0.405655470428611
1.46527070800967 0.0314531874710458
1.27910694552989 0.12933249056238
2.11512749802477 -0.198256581763884
0.789980086199565 -0.458427986115185
-0.708716360263245 0.962277003309628
2.43636272198314 -0.146141586479088
1.00994817413885 -0.11941124230151
1.11004124610885 -0.183349292949025
0.686540884892106 -0.366604696802365
2.29518231765268 -0.00916222838265607
0.542988605245005 -0.113479496665311
0.998927499786265 -0.0704900492099818
-0.128873649547853 1.21295123744859
0.707383187753881 0.128947007707391
0.346135617625835 -0.20745176756772
0.925225672988461 0.133751820361678
1.54024267950815 -0.0785920708118316
0.994929570559036 -0.0333197915561012
0.672032524843592 0.050726112750682
0.521663990178977 -0.056960401339397
1.62802507103418 0.13008552637758
0.560632928012431 -0.295603362585508
1.73740623915951 0.0782449215282463
1.67201881598633 0.025279606379206
0.826564843858313 -0.2492357542389
0.211635248782172 -0.0769510659320682
1.41162069094119 -0.107717161113407
1.59647040439373 -0.0131777411703335
0.171896983902621 -0.179083636523388
0.913681347753022 -0.0550564110320668
1.85256594406414 -0.164880856927813
1.31505469739832 -0.103052066831783
0.388555005862346 -0.0708088542879181
1.15373559651054 -0.101997397449564
1.60171582312048 -0.0984098958548973
0.487111989215809 -0.204588907224913
0.489442981920618 -0.0735415835987037
1.55188639841149 -0.0354909403142247
1.00206497969887 -0.187773651972886
2.21332074580488 -0.0512186318177592
1.38035289571425 -0.129553235928701
1.3331255093531 -0.0724648875065976
0.717437921329674 -0.142792567288772
0.95344823670446 -0.100218153580059
2.14772686129215 -0.0751159296151905
0.189274235422393 0.00608657390009497
0.577910024741735 0.00446934882645808
-0.743639192278618 1.0627203616576
-0.726075275319873 0.99469032884835
-0.01092187319103 0.818704474100126
1.51664283897964 0.00357892245839947
0.800799412974816 -0.137487967549467
1.94706210422648 0.0445519539276309
0.705013845196711 -0.219005126801842
2.00212395235569 0.0488229784264938
1.2731479188709 -0.144606540930127
2.13283748764287 0.112260796561769
-2.98910370294347 1.2789944602263
0.385839651316494 0.603296225506729
-0.127606339231496 -0.16719474611451
0.0575574613058246 0.052900453356597
-1.08566858033699 1.00379630253926
0.0438184461755322 0.450347724865346
1.9170899336588 -0.107287084226123
1.18769516730246 -0.212712956754959
-1.03237093818329 1.13114920129555
1.51275123059347 -0.205455204387517
0.923990833950596 -0.081116107172761
0.722990170029652 0.0905363226493624
-0.690941173218191 0.945509316461918
1.24931846537214 -0.185138742776023
1.08842257213129 -0.359695546343983
0.126026126706253 0.0756682085656809
0.160244328497479 -0.0820142241633583
0.865012017224895 -0.120780799922881
-0.9260155538346 1.35188815243603
-0.675715545359106 0.880789569265154
1.28288430699073 -0.23224767266257
1.20619103631112 -0.105548216411567
1.19221443107237 -0.0598280884054343
1.31724778814759 -0.0781988346020276
1.11476706117712 0.126176578303211
-0.703838378200051 0.860235326839323
1.39543717883015 -0.311634664754402
1.26167303353096 -0.0332344684979179
1.45860008645189 0.0742612858805563
1.46132821808386 -0.15332708896033
0.840386007560662 -0.175403365650628
1.62259671219873 -0.0636205221507504
0.312919837503923 -0.233089613184374
2.19862216273056 -0.0427516958286717
0.200275885815281 -0.105662446862188
0.880220429791493 -0.128971170143193
-1.18437152258841 1.01060352940641
1.95396406248093 -0.125998707338445
0.864063526007268 -0.219583506781929
0.894251231808284 -0.102805041582232
0.847466178902015 0.0355144982689211
1.13664141874501 -0.239629002208946
1.20070349636737 -0.179381104458511
0.493264107279694 -0.0843455954651074
1.36285432876211 0.0429549155351103
-0.106718018240639 -0.162525258212929
0.290005167074177 -0.392409789487238
0.691581499562844 -0.0219549982205695
-2.55995979547881 1.09425350008653
0.24667572025332 -0.15171916367198
0.124361286742789 0.101658800190202
-1.24639261123096 1.19528199393393
0.748986680258742 -0.00668315699561393
-1.67049257004552 1.39237402166641
0.252062790786122 0.0499203777103848
-2.57489049180647 1.6521141255838
-1.24207187956141 1.36738750584054
2.03604175896731 -0.489955450117832
0.670552238546418 0.168037430714249
0.804447619407587 0.136301904393537
0.415930511514912 -0.148237645691057
0.345416947160268 -0.0639326948731581
-0.548331827794395 1.31689635580027
0.220335942896527 0.332458815939495
1.01088768884993 -0.134589084502921
2.02054435182312 -0.175924141166061
0.238638924289527 -0.359551130906888
0.902297026796858 -0.195536855764998
0.891073258610289 -0.356508566237416
1.02487443911223 -0.10755632304944
-1.16007150481257 0.995119850914206
0.619776699820381 0.182921537939614
1.71737036822775 0.061953529369228
1.05176993005129 0.0253574311159104
1.486064920194 -0.140848294951635
0.312641416051096 -0.21595366856722
0.106522232358371 0.138046812246024
1.70796127954811 -0.00706043302454032
1.0694966551699 -0.0537803219546864
0.978696630202118 -0.0933691452871932
0.267127108354407 -0.280228072723912
1.09612821118336 -0.0390838721531849
1.50561974871839 -0.150349965147305
1.36487305067738 -0.0293614769712049
0.270678148150072 -0.276075608991299
0.858001590638602 -0.270928886536518
0.50526011912233 -0.106894025915696
-0.29862370408323 0.861800926114006
0.62915407359683 -0.251591466715207
-0.355471864073827 0.639459562986545
-1.06772447005764 0.787020810177357
0.482581432004605 0.0567088335819937
0.48500444633651 0.0820641497676812
1.06733363713802 -0.160431825201706
0.584235571746258 -0.219246253950561
-1.19968288394452 1.12679430446424
1.26557253065242 -0.224439919075159
-0.556708771284309 0.944367510469267
0.221111689634763 0.0570603820710964
1.34412745899146 -0.092969454947354
1.34470330690429 -0.186417030684738
0.896696081877701 0.0902033778618779
0.560790681040091 -0.0152774624415428
1.09649024146788 0.0375497587124884
0.943856669370042 -0.00671851228907683
0.555597197039613 -0.218421811938787
0.473664040845074 -0.237710424174443
-1.77452564441059 1.28575873520885
2.12991734791663 -0.391010424039507
1.80840867819068 -0.342872261970639
2.40611497939372 -0.190558101738897
1.51406673497956 2.02102365154666e-05
0.82656085465677 -0.273491052811544
2.0095382688696 -0.147872915995202
1.6781534239613 -0.110497055671913
1.01968018169767 -0.0198569035196244
0.0109191504987564 0.00806488208352087
0.270081606763515 0.73135037311368
0.160010363639528 0.91639894491065
0.944207570807989 -0.129613083897979
1.43594286605176 0.0151897004654163
1.44154918122828 -0.106372405695646
1.32246189323273 -0.142251633556438
0.138607846518662 -0.0175377409198842
-1.09364192018096 0.845972715904654
1.36062710352465 -0.271412519435251
1.91697145445302 0.0238494697034044
0.793201456207922 -0.200133177631215
-0.957645890246781 0.857916310605501
-0.368657928006201 0.812936488642667
-2.00588981265041 1.30455691290958
-0.12622316659615 0.301124599559743
1.91165703698746 -0.230509955407655
1.98779930875193 0.0457152088747657
0.159441250402966 -0.531557003181726
-1.2533376760208 0.934529962420906
0.572990123125551 -0.295780375431163
1.97334700006133 -0.214295591998343
1.72775437713539 -0.200618376970233
0.729753090438048 0.0959161723344464
1.05456580322471 -0.183868722321144
0.553154066175767 0.495439314309448
0.964654874257089 -0.00871121818753356
1.25482805116838 0.121613219391881
0.788941239785293 0.00736030358520896
0.13360163037601 -0.201537105491
1.42975376858292 -0.296339275753085
1.34323050363747 0.0534147871980745
-1.86486425677579 0.925750095388928
2.58273237884729 -0.294868840539575
1.12182232036766 0.115747823806523
1.38666613424812 -0.11412745334794
1.51627859434984 -0.1867233922765
-1.78624580857177 0.998317011732397
1.20367061387981 -0.125789035997302
1.09694871545345 -0.149606762584658
0.771647997839868 -0.0797435683392238
1.96912629817812 -0.156850834849986
0.961242768078271 -0.123465011833832
1.36241161019619 -0.0185299819446142
-0.159757312945697 0.0168813794546591
0.899654278408462 -0.0113892025175759
0.979616670458343 -0.153149820568452
-0.25531735488882 1.3304980069888
0.79668701155537 0.06614756682574
-1.51402564091522 0.996879839282565
-0.914426242911878 0.90357747515584
1.09423909760585 -0.111137639642663
0.639274994236949 0.100412527226918
-0.938055982600581 1.33860583865788
0.15545035595746 0.549905123617913
0.908252231626788 -0.480221846902298
1.08877331539072 0.0208115730800691
1.06304512863309 0.0578617500289285
0.831274456443007 -0.47069940950822
-0.0648624926255323 0.492303659677004
1.12949164375965 -0.123448643480594
0.277196581055739 -0.0902193403366839
1.00262884726407 -0.0251193082119888
0.350489775602753 -0.1787421524002
1.10328662168406 -0.273354104761956
0.5404013372611 -0.212399593822934
1.21265540471046 -0.0248174439070024
-0.558920052294636 0.757473924563951
1.05179762234202 -0.186707291847404
0.626462427564839 -0.0706859785313435
0.943882823366547 0.133347192884849
1.30937079637323 -0.195850193875733
1.50476529030996 -0.0202961627648499
1.52309260262901 -0.175176974696653
0.727823483846046 -0.214242877813737
-1.24167697679815 0.997444461582371
0.544560599951329 -0.0587257025018477
1.42918388692161 -0.0447690447248898
1.07030562948904 -0.155439206217718
0.399856423552058 0.169500265508229
0.465786310115653 0.859938005737683
1.13832328002297 0.0177662447404551
0.507715423562099 -0.307384641302485
0.692198255637755 -0.163192705692277
1.51826951796954 0.13344071530897
-0.222408303937022 0.893412765479382
1.22212994731185 0.0441653543001723
-2.31208785356699 0.949449399272012
-0.775137296286114 1.42599199436972
2.08738624448378 -0.336116229238206
1.79476661806145 -0.23720615760904
-0.297802839478744 0.935528565018083
2.75323487961431 0.0533747708311922
0.904639395021725 -0.240964659772176
0.832896421416971 -0.00290073040499673
0.389026199019372 0.020132161012343
1.43365235122293 0.0557405948584104
-1.07499986277443 0.870283510307015
0.337404131703983 -0.175084246712269
1.11498399982093 0.408747517555586
-0.874941726674855 1.24998934967726
0.257363219410014 -0.0281773192334426
1.33173742743534 -0.157852354572683
1.02523726386495 -0.157694598550644
1.538824421404 -0.00144976074679573
-1.16699084704389 0.855854540337707
0.260567187970218 -0.067382827555336
0.744846952794653 -0.0758096470946976
1.06786476620419 -0.22418394294211
-0.399287110271738 0.785660789961973
1.89988966413514 -0.0646061467168713
0.197046104953492 -0.184519422195768
0.338153713898687 0.0912640959664981
-2.55611010969567 1.15618208174085
1.80915218609729 0.0156694800347563
1.13999266483175 -0.230990954910658
2.09959454668461 0.0575551250363836
2.52922465611004 -0.17023726077292
-0.875572466896906 -0.0602610193728518
0.315060215556538 -0.314587054902873
1.56055538884236 -0.174983674235135
2.33780454284612 -0.0559375185522139
1.61807005682189 -0.0270662468288005
0.429800929541774 -0.311173101337796
0.0234858560212436 -0.153279780942508
-0.25574464767588 -0.181439052222874
0.662264025349738 -0.3282721156994
-0.992666788634284 1.07224240409709
0.93432885963232 -0.0663449166900563
0.278338393569617 -0.135435235714337
-1.53966443223639 0.830562197384821
-0.361889308505192 1.04623724993647
0.355013622765285 -0.244516531912959
1.55244874905227 -0.128196984793338
0.372764565764121 0.0646255794294855
0.972735369913149 -0.162236993525126
1.97694132730893 0.0638295160107411
-0.121348538323727 1.099242630676
0.901676308394589 -0.282215891045808
1.60641139734512 -0.125823145144047
0.566038661326962 -0.306456958282913
1.10437326053842 -0.156885356950569
2.4308709185442 0.0326628691338084
1.54447150930281 -0.147041574227462
0.454547517921714 0.969812983004304
1.80764309137181 0.166548718978616
0.224232738826652 -0.117407320538387
1.50449247980813 -0.0116771567708487
1.41213683383217 0.0308735346179456
1.77553246118456 -0.139983686781313
1.26187229829856 -0.00372844178301052
0.587116365926256 -0.10381607668711
1.26478407862726 -0.252228429613995
1.22574105404018 -0.0163964031436073
1.0240832816836 -0.170374524187003
2.04881196178204 -0.0532078369768705
1.0255901943604 0.00218179644058705
1.75944073804933 -0.133844248325283
1.38454577496984 -0.154986181634745
2.05019532071684 0.0814604119659521
-0.104303372901563 -0.21410648473556
0.784318266713423 -0.281784820267489
0.493081129531958 -0.101793677352162
0.093199549238467 0.885059440231336
0.906510893713231 -0.0804078696728698
-1.43252067585114 1.26822942090326
1.7326169135063 -0.249735619996897
-0.181532260851429 -0.172215469783126
0.817844038082461 -0.234439116361318
1.08385979386794 0.0699851803726872
0.199594434285843 -0.0745127526398024
0.675967701309591 -0.0679766338680509
-1.0575121774335 1.1263544018311
1.44356629240436 -0.287198235803316
1.06652606218333 -0.297982202077393
1.85898258374139 -0.15932780528223
-0.902454393981183 1.1536880131836
0.173006121717744 -0.189461288367966
1.50357921073423 -0.13397438554923
1.06736037778742 -0.267770923369121
1.1524167296959 -0.0768302715832768
0.0483681229929634 0.0667453462760908
0.212576481140814 0.592542277930962
0.874863104569553 -0.021668336484984
1.12599548394431 -0.246491576516538
0.130380419641565 -0.0853744268888096
1.24411311814924 -0.250168043517448
-0.940954411493659 0.945010042831371
1.91752652841493 -0.087505512089026
1.1181327457933 -0.120749694745066
-2.41172426682483 1.62505624967165
0.959301887790513 -0.160294120460969
1.11089175977258 -0.0914395715277375
0.527431215884629 -0.250215429003648
2.10547982774934 -0.414743399813039
2.35066286801777 -0.360795364011659
1.44363661897946 -0.28017227813962
0.751178628052059 -0.270135147620875
2.6157285322707 -0.397422690340995
-3.05692981244754 1.46226290818666
0.900500939297961 -0.0223734499157422
1.01544431032851 -0.037963253582535
-1.31969665603011 1.05907478346656
0.17746539496647 0.577303557197191
0.353007357394038 0.44440940185797
-0.273010962531965 0.0573332691707572
1.34012303676141 -0.246526075541242
0.392387567210996 -0.01919849770545
-2.28985259907276 1.56933881586073
1.96674890995371 -0.165491113163134
3.10992882207961 -0.531543614238366
-0.0786278741027604 0.265760560914987
-2.42113723023712 1.98271041415783
0.811650001815268 -0.0124639548963881
1.3376611916499 -0.164476143101061
1.37780859128064 -0.576965849049511
0.119419295757759 -0.0630295556347119
2.29420540883381 -0.469797370152025
2.54594468397279 -0.249201687163995
1.45840429572564 -0.0505459543169583
2.88532222422638 -0.191062009128927
-2.57250037779047 1.13147000270666
1.20377571386208 0.0202886395078641
1.17191803487072 0.326152616935915
-0.812470568612944 -0.193542139263733
1.83792377777463 -0.0200981733597314
2.03986266146035 -0.160748035119223
-0.3670516132419 -0.158365889574107
0.328461116806254 -0.173445904322407
0.351191945829338 0.0794106134939187
1.98915189501824 -0.0777331844277339
1.16101850689657 -0.165769753398956
0.536953271642412 -0.300097237501184
-0.0170064091762896 0.0312482131786542
0.652296032285695 -0.0735404464333152
0.617746614511484 -0.1465542172151
0.697704756469832 -0.0437750171378286
1.09268250366831 -0.0787727052707265
0.954261120092684 -0.0626230247361009
1.47009366670462 -0.152716694021368
-1.89890023174747 1.12509423448482
0.611396075408064 0.122877159426329
1.00648946831252 -0.119306551349744
0.905530922466235 -0.0875681852166868
1.64922535099658 -0.211710923492212
1.67012591218249 -0.086741280687173
1.7989684284123 -0.189720180888616
1.02624223557607 0.0529762954453902
0.506387582393345 -0.116510134909577
-1.08324686977516 0.752986828345332
0.0212650615126873 -0.00317799583994915
0.743479238751937 -0.0457864211003025
1.53834179224682 -0.0625049543662115
1.08528009480963 0.00470767109780401
0.177020947497912 -0.058951759618003
1.54715126913486 -0.0607342312066358
1.11269320798266 -0.166104384190954
0.516533927180937 -0.118982345520253
-0.426668749825421 0.749504973179258
-0.951134581120851 1.03162346643249
1.89381018653048 -0.128961447121313
-0.994719466327329 1.21862650477949
1.52349464608685 -0.220447626514068
1.36623608818332 -0.0378210655074293
-0.660360639239248 -0.00613052563925659
0.428163184017995 -0.0911331279388232
0.837107700228951 -0.107801031564441
1.71309051035402 0.263537275711731
1.28987901932757 -0.00782081730229436
0.998854239759235 -0.0251958262388719
0.333603272543631 -0.172171933663008
0.494767336311268 -0.0285509824993511
0.44058351054982 -0.0924376221380006
0.581117750329728 -0.08450247764138
1.15650825878472 -0.23716698601014
0.911685475124311 0.00681702356455348
1.03944364045187 -0.106780282404852
1.26391003301768 -0.118359119926443
1.51269009933548 -0.0274198616532847
1.67092074926578 0.0252128125174693
-0.193344187212679 -0.183660060225729
-1.1633487460451 0.734392636732526
-0.681219597176173 0.848782993074763
-0.257078713367223 -0.186514501732482
1.15572804415658 -0.148158240346501
0.387659711753659 0.557707237031679
-0.395220482943722 0.625385991825911
-1.64240657795079 1.28059608476861
1.33655727802502 -0.078642911383099
1.48577253899709 0.107384597933747
1.26892028401794 -0.0264435683094334
1.10819187677126 -0.0247638128895295
0.0105470368284245 -0.212951427566141
-0.197943588289875 -0.163982573900604
0.591944713839742 -0.296717714552184
-0.0578013554107866 -0.108315114611196
1.849050197425 0.00115756381746902
-1.0504903954599 1.13575053907761
-0.874485858291 0.730298688459131
1.26642508773841 -0.0519641953022221
-1.62354481041526 1.31454495986026
1.69023945095982 -0.44468574623119
1.43397504640054 -0.488798022711291
1.16724248159645 -0.178121145760453
-0.939880101245214 0.610093279560884
0.293766811018305 -0.174974383716257
-0.00458208312509534 -0.0321757267162432
0.818421245937714 -0.0190012580480439
1.81018447944415 -0.257998033641469
0.904017457558286 -0.234736129386984
0.282382696933702 -0.151914312921967
1.09751883215191 -0.119889587593339
-0.763120037152952 1.12068903917986
0.107840831329871 0.0660522158282159
1.45807830323226 -0.400159911629675
1.18605174808303 -0.254057419004939
-2.19270702557456 1.16965943337202
0.347620630440754 -0.124288933328186
0.0218959990404313 0.136111976662648
0.215240124099103 -0.136717109442699
0.0206274877801385 0.70301747767253
0.677922312379464 -0.0371668792607634
0.983172020922666 0.106239867577149
1.5249910186063 -0.249270968812493
1.33060039086993 -0.0290036170783064
1.15084686525279 -0.0669742689694301
0.850714397712686 0.0496974088417023
-1.86997782158086 1.27553707698262
-1.30546230001809 1.07182258608709
0.36846137275214 0.20075423526935
0.422788382692671 -0.0650253721114595
0.10773661195994 -0.025513187887503
-0.20677540614637 0.50724002525425
1.03463140362809 -0.195291409793935
0.851393552260697 -0.0150293576082546
1.7816461008329 -0.11676766649826
-0.627625202554112 0.994822729669302
1.09838839498068 -0.166796104741812
-0.00457658257368054 -0.0531438649891045
1.49610090602896 0.0471527684041234
0.59539560764996 0.016294250297833
-1.70327167220999 1.12432129186494
0.889219194744253 -0.136377458509675
1.09712261454597 -0.087218723603667
1.47204206109364 -0.139745025676819
0.256950058580718 -0.224111711994864
1.6073626004576 0.0448911712330299
0.928875548927672 -0.00761857398834359
-2.18039658782701 1.25282371222143
1.79496670078367 -0.206064249416305
0.678005385688688 -0.186687028004688
1.48878270567426 -0.27230618925231
1.05945551237295 -0.0528326914219467
-0.0229035317765101 0.770691289325915
0.378465719120905 0.858708738023022
0.955137061671164 0.0277646785023031
1.02951806116399 -0.410801683863483
1.37639273608761 -0.162651506555677
1.14277960940494 -0.0721599935147583
-2.59668364264352 1.19953362650355
1.42638432074249 -0.185155588748427
0.736789703663392 -0.173015009916098
0.154736417450999 0.775815459141382
-0.0474714478733116 0.168414992831845
0.842115098570907 -0.234736004102424
1.22200333610838 0.0548829012803819
1.81195414011427 0.101459422642137
-0.365368136043499 -0.211355727826938
1.805484859411 -0.121781806990127
0.673041528623298 -0.239759770866027
0.269153307593601 -0.207451679630273
1.49108126371723 -0.286561980636538
0.152641358192177 -0.0166542439613012
0.740097819815161 -0.10957112452189
1.23669086854293 -0.162925234755535
0.555182119083501 -0.125649555176823
1.41509393752558 -0.105930881376292
0.490897669825833 -0.0580976046480533
0.669589429823449 -0.111849747878851
0.831358284150068 -0.0812093691707866
0.662835073443897 -0.19074987879283
1.28112836255591 -0.0877587215475082
0.627338496376306 -0.161489128480039
1.22451826481003 -0.0427320183964439
0.463484775387403 -0.125827726194534
1.4304408418825 -0.116260558220077
1.10798783205827 -0.116443317925287
0.429608862464808 0.707752777006454
-0.995812888124731 1.18994893327731
-0.825491799574969 0.575582831575408
0.366691393277118 -0.253109208755866
1.73984477115958 -0.213221713271378
0.699447297193802 -0.0991130769984144
-1.91840012934585 1.4526603020294
0.588774569989553 0.0286324420242633
1.16978617429687 -0.302191353382015
0.080704392772966 0.512486136057886
1.63711800337253 -0.222461927402508
-0.871217179920251 0.97949735283621
1.0569321358897 -0.301476348544076
1.04016503711594 0.0833898122266563
0.117136414950587 -0.0128059332246203
-0.812161853870122 0.960238380279856
-1.28539286479204 0.855442242266803
2.13443258657464 -0.204170169578432
-0.153923720764449 0.0557455062744535
0.547926880667389 -0.168505617616395
-0.50384434304713 1.2350506581688
0.425672044147076 -0.0633563240301428
1.42311329069365 -0.197804408590255
0.210192058611348 -0.0293733501852077
0.575062387392124 -0.0270163210757619
2.1414108855802 -0.185183175325209
1.01555388386986 -0.0267149763851734
0.434599057042354 -0.226667324204985
2.16821225674883 -0.15111029967721
0.866303449610394 -0.294951955767509
1.47843368932268 0.0017753581490572
0.20652613729911 -0.0446124794698826
2.30495328018794 -0.175688729526223
2.27615937051121 -0.063315641153367
1.63417404464573 -0.065977356058746
-0.286599432919743 0.685354490409819
-1.08794920269297 1.01191268391595
1.77275926423768 0.069937485558842
1.69548680858648 -0.239741900222448
0.885764733364771 -0.0721902615740661
1.30796275635166 -0.197087251667923
-0.0593911682210364 -0.246618015486665
1.38740066113262 -0.118169296671298
0.514161964464735 -0.157967297465664
2.10313742907523 -0.0882105485939236
-0.788629182626911 0.929696594248711
0.480322852337533 0.153121782042494
0.805582426610344 -0.120493041374591
-2.11097846585942 1.01333024137092
0.412642367232099 0.135369325159849
1.03271606150843 -0.089393123880829
0.160880939987906 -0.287097119274115
0.731719739463554 0.0904515017303686
0.655942567892705 -0.122854834120551
1.51116868351658 -0.198475632868658
0.404590762171857 0.018803848006658
0.750394220246039 -0.150665301541921
0.978253873801816 0.0338375933918496
1.1285704245886 -0.215641996079148
1.28830432079976 -0.0905982919077822
1.28321254470513 -0.120970255012461
0.516525098242778 0.0304794387608684
-0.242770839411243 -0.182808458288359
1.42709464202252 -0.16599263949336
1.54243146621526 0.0327267409738885
-0.933713255286501 1.10769009286785
1.76280653471251 -0.264110293991889
1.34343051972615 -0.165179949491602
0.418562129737539 -0.186068773553925
0.253301311227411 -0.0568009777985152
1.46474049742639 0.0499254188057814
0.945273563124954 -0.209455357708382
0.60124759363372 -0.100931906535863
1.66131135192515 -0.0575102680937829
1.27600818225039 0.0217991491422096
0.514268164411652 0.807074639552683
0.824753592155399 -0.0477524714016998
1.71000928804229 -0.279709704381556
1.36805007140204 -0.235704605906457
0.575159433289072 -0.0561262216063591
1.14458216772352 -0.103931536576847
1.00427803378196 0.0355214076863029
1.14801001582484 -0.104190260016205
0.750997555080895 -0.0911974110328691
1.29437959501315 -0.0841934287468564
0.71052344797376 -0.0837836696243321
0.616039528545352 -0.0733606982784439
1.47239078085647 -0.0335962374917259
0.386742021331066 -0.0691554219764767
0.0289380957327067 -0.158086724860531
0.643856262563076 -0.11393661546611
1.44176541197453 -0.0590683524871912
0.830735323146646 -0.0849063383951437
0.961858093462162 -0.116221383218065
1.61679072409113 -0.0142220308709896
0.513559851208425 -0.135280368336454
1.04575451799971 -0.119467414898929
1.24399618187363 -0.00148846545884009
0.813810997633176 -0.0701502304948343
-0.641467658587528 1.06265152414091
1.40935727140121 0.0303285295160505
0.973515892349655 -0.106583725491221
0.587503097448425 -0.336544396795546
1.25732390356285 -0.0324452404594316
0.768525937296344 0.0557978395317757
1.41080217203126 -0.118547173288886
1.21221997525805 -0.104022199927928
0.808284333009484 -0.15572573377594
1.18200528409389 -0.11235395105365
-1.84453357228803 0.941789712790445
-1.37057849987699 1.02241247175431
-1.65342571381416 1.26404934673216
0.73076765513745 -0.080025229849478
1.34533084208068 -0.157416369765432
1.74188704087226 -0.265015442984837
1.46680941731625 -0.19302020029574
2.29224556149811 -0.218049524002983
0.266138360780739 -0.115152867839718
-0.706422840163271 0.993500296282981
-0.958036669254007 1.08419362373064
0.885851324650331 -0.0579485099471524
1.09950019553786 -0.164617403123648
1.08334987890503 -0.191084027356218
-1.45055906867158 0.910856853877964
-1.99654756423658 1.05739492998686
-0.321295962261419 0.245002533225336
0.938833395797426 -0.185587648253476
0.658156329637301 -0.0977120024283456
1.289342051733 -0.135307427812002
-1.95937928740004 1.30694607489634
0.312381505605855 -0.140226529869631
-0.544289920868575 0.409995538773312
1.49346302803521 -0.361509326986828
0.79620188218109 0.0324514368437337
-1.38680870444342 1.29793478999536
1.17449938132135 -0.190763232851776
1.3594053983363 -0.193652819177501
1.49848364743329 -0.205704136969605
0.959268728599292 0.0877679646301488
1.31274800470615 -0.293085493446387
1.39776001104398 -0.182524009190534
-1.47032109151245 0.972252199432737
1.50461488473926 -0.328830382086438
1.26801954004896 -0.287770107705505
1.92529459893532 -0.298834455623595
1.15880595646415 -0.0565345230081955
0.578706860317563 0.00416930322326918
1.05342141114198 -0.0367001830075202
0.621897057068864 -0.181008120567233
1.93381629121087 -0.181128008358384
2.12508071599208 0.0160483865784367
1.49059803908054 0.100731524520442
1.04005032018776 -0.00703477188951541
1.96025893430192 0.0878181790071174
1.09308975526751 -0.128439858111766
1.42031255494749 -0.171737085102542
0.645339027008722 -0.162907932656183
1.38407509288392 -0.123440938300282
0.987367486570551 -0.0921672886513968
0.747447957500449 -0.198704864499188
1.93403087131951 -0.185344866241662
2.63700298479303 -0.0404415027254577
1.77386309257591 -0.0492182594980042
2.38377063514229 -0.0609443674607778
2.79538148710177 -0.15969555586566
1.55212945298882 0.00290977360877212
-0.222689704385315 -0.0797507357372036
1.44309041377026 -0.201395141659946
0.351861545765725 -0.0517490828402952
1.44134883117786 -0.0964905847162396
-0.710466091613295 -0.0528501449202899
1.69427809894367 -0.0272630322853532
2.38629293150521 -0.0824549448170372
-0.216598965739558 -0.109047769573321
-1.54704389916367 1.07472263221737
1.00169344632785 0.0197437969401272
2.41125087414678 -0.12716394383654
0.578431738850615 -0.0906884929937633
1.55118141268085 -0.140890074158245
2.20036913210791 -0.193940147482378
-0.259749492000813 -0.109848893154465
1.18650702126681 -0.128223756710842
-1.29312729790248 0.817196408234083
-0.00403059022062124 0.0182080480621648
0.300208537707961 -0.147616716980239
0.93162153900782 -0.00128905303450635
-1.89778655153585 1.18121011899603
2.38498238945626 -0.503152779374931
0.598043624690734 0.0758970202192671
0.932043723085925 0.094470170042304
1.2953762035593 -0.17628808893633
-1.1053081140237 0.948252242344569
1.07248992115287 -0.136327239085923
0.642448266334662 0.356473608219214
1.20467565353557 -0.0598184339540632
-1.36188756369752 1.03101929208763
1.52202104435251 0.0602065360750393
1.31482551369216 -0.143168246812211
1.41469128267477 -0.00784599324569149
0.277825361966793 -0.14254669245546
0.082384669573305 1.00889346201019
1.67672151239176 -0.0773186105730195
0.391475693357092 -0.169025112322754
0.724089628426475 0.0580588095845202
0.881993493826766 -0.157472832599806
0.0235973293322527 -0.0312085431443479
0.2766052899429 -0.086408486235536
0.047861771030659 0.78952817037077
1.21329616697404 -0.315387816211949
1.06729259442617 -0.0735200674001403
1.60314321773413 -0.168771424516646
1.61429225367597 0.0605555407861136
0.473627513162844 -0.170025321824747
0.248782486611022 -0.10721500650109
0.993706765707114 0.0381491112193142
1.38543872778028 -0.0138969780617104
0.440444744280993 -0.13687979846459
1.18809415803645 -0.166618771478764
-1.50814922667673 1.29972822558278
0.108396104156167 -0.178675367873914
1.00183703136945 -0.339634233031658
1.03280894658597 -0.194497144584521
0.506956116902811 0.194309912993011
0.515083083221957 -0.0911429518571079
1.04633477306753 -0.105823571516143
1.36603284325595 0.0591377176101485
1.08054139899733 -0.00394288562646573
0.473608386580866 -0.132054223530904
0.42268898917619 0.105443252052371
-0.233907707657444 0.773206620611686
-0.229263950570753 0.826149595739011
1.00097612455821 -0.0784756597046961
0.987349869670081 -0.0750447561995214
0.902509316528541 -0.26967559617954
1.04303577234036 -0.268177884354275
-1.21627788684639 0.973527308192824
0.406450108002412 0.300453490249485
0.0277731275345651 0.00451464101305092
-0.649883672408177 1.01049168139476
1.97025013218191 -0.285995116001385
1.26036875657453 -0.0697987433881839
-0.256524683182276 1.02946796468906
0.727450596346409 -0.350616999688072
1.1958172255879 -0.0132491905674366
-1.88789932318675 1.50995771130223
-1.88669376717032 1.56526008216359
-0.164173666343779 0.597526486223408
2.5725022008351 -0.444943749192632
-0.79814962135609 0.233831456720971
-1.16617426072749 0.922879024072666
0.582709453051542 -0.0480751359807988
0.960118045538628 -0.13200401312314
0.744741326126129 -0.0910937807609762
0.041845382379442 0.655984786120678
0.983864167593654 0.129670776234366
0.996840004314408 0.193911881129676
0.957872664789613 -0.223504886892396
0.934653072379126 -0.123739164410073
1.58451189581862 0.0214582852191527
-1.19613169278992 0.793333444868884
0.391357452867603 -0.129744976197083
1.89877931623242 -0.140953184098224
0.451975882068443 -0.0564381730539487
