-0.000535552022540742   0.0110568271180078
-0.0182248219484196   0.0155867931609164
-0.00946331615437579   0.0178567981062612
0.0123842212841714   -0.00197723186476129
0.0175891605768168   -0.0133309935511114
-0.00804553662311758   0.0108929390485715
-0.00786468024326137   0.00570586777716553
-0.00281669696805675   0
-0.00605557554373437   0.00755736343515689
-0.00920277451497054   0.0156127240160444
0.0130291130606315   -0.0128311675598889
0.0021302908894123   0.013202108308116
0.00503539968794975   -0.0116263550476008
0.0147614800287803   -0.00360461237297915
-0.0054979235709105   0.0138219129641843
0.00233907033920122   -0.00304632865272314
-0.0132781892402907   0.00156147741025325
-0.0129074068118085   0.016216329099211
0.00920122545556712   -0.00660264735253513
-0.0126545020429392   0.0175820378490998
0.0123075939015251   -0.00378193904622925
0.0143580884735259   -0.0213940131365007
-0.00381538398133507   0.00170726892390949
0.0100444341179706   -0.0110392376885207
-0.00276921236777916   -0.0178602379304218
-0.00448564219819225   -0.00160493493592817
0.0105969178865912   -0.00798602059857867
0.000579901564744745   0.00184833877926227
0.00957078305283954   -0.0033148682717199
0.00410819078104296   -0.0103214230860313
0.0015718416862871   -0.0151699853401714
9.481397841693e-05   0.00592215994712575
-0.000713843296898276   -0.00663478254836569
0.0059824748986772   0.00292735974183511
-0.000141689180612303   0.0113941656623
0.00283683371385912   0.0130400134435726
-0.000850349477944157   0.00430964051455707
-0.00118211926954448   -0.0137623583480782
-0.00341209019458599   0.00837225322071866
0.00629359382208072   -0.0188015498743548
-0.00411250055673396   -0.00363244772615534
-0.00422432824758179   0.000315999455534843
0.00109375521070643   -0.00126586938072304
-0.014164250938558   -0.0223395615630935
0.00413572859205669   0.00918817085598622
-0.0163549240312886   0.0130721504883224
-0.00234443983701649   0.00725889102162913
0.0126337743313618   -0.000707688053337208
-0.00615104299529801   -0.00307264759237214
0.0132722277964401   0.00958158077393634
-0.00297705251333813   0.00825062027660994
0.0119499795956406   0.0191184371590927
-0.00457221692798893   -0.0051082231633135
0.00878828873210846   0.00526056230963778
-0.00195070045729917   -0.00121742108226019
-0.00563469375821057   0.00962188441366862
-0.0147620573887899   -0.0084804862875032
-0.00238437487755849   -0.0157122597714876
0.00228710976675917   0.0123602893829462
0.0121258694570283   -0.00497154711965475
-0.00877771038995068   0.00214457714254213
-0.003542978037264   0.0130495630119309
0.00359131950340252   -0.0106526860212917
0.00671065716789965   -0.00559940316155316
-0.00264993983506123   0.00834962724628685
0.00337139461863956   0.000304874378332265
0.00441354991979637   -0.0130486154188523
0.00544225906337115   0.00146672975720907
-0.00453297158863641   0.00138772388082575
0.00191146104090567   0.0070629628883756
0.00447682740100142   -0.000842035547163
-0.000285431353280075   -0.00498886451496983
-0.01156999531519   0.0113994035217981
0.00909536200463812   -0.0088636098122965
-0.00119221717544971   -0.00453879459430517
0.00490225589730997   -0.0153835724226239
0.00251282606101721   0.00429719899057979
0.0023182813409468   0.00621694688830754
-0.00416675528159338   0
0.00317399683393305   -0.0138864115704349
-0.00412308534386341   -0.0123310839571289
-0.0100711483420994   0.00174804311390364
0.0107832185981422   -0.0135529588157635
0.00284313690995841   -0.0094805060355343
-0.0115180207511116   -0.00138472937722778
-0.00412509652020621   -0.017268816361808
0.00398151667969771   0.0133475770140938
0.0130800169561844   0.00269752217586294
-0.00478373375338048   -0.024625369449347
-0.00299598069253726   0.0025900023272607
0.000190763331888277   -0.008042937742613
0.0103735787628372   0.00268846277391788
0.00108286026412152   0.0198521727838292
0.0031022569881598   -0.0169204184099288
-0.000328782166679531   -0.00890599059918262
-0.00070426248520139   0.00168645618705998
0.00290823584330635   0.013889289867441
-0.00239178966224429   0.000415029742263151
-0.0108097599766346   0.0169654223988989
0.00944739251295523   0.00228372155273782
-0.00112892529839481   -0.00244710464988263
-0.00623235421262081   0.00220250244047993
0.00203460313339399   -0.0108057280627527
-0.000993303011458835   -0.0140501207762087
0.0026459446923548   -0.0162062597221881
-0.00848264310749158   0.0129354725495974
-0.00171447380908418   -0.0122542233107614
-0.00616848879526177   -0.00110609675046547
-0.000143869095812654   -0.00794873141303043
0.0119221134655856   -0.00879066475605139
0.00321819478458085   0.0208169808815768
-0.00768455627329878   0
-0.00429472036517708   0.00160985759316468
0.00543689350324073   0.0078413400524715
0.00161604651592118   -0.00775661552674478
0.010345814966934   -0.00492137434377682
-0.0044492688114115   0.0127618161035992
0.00510976087305526   -0.0206177856758396
0.000707730899707215   -0.00601909045005034
-0.00728923697711625   0.00858744470132322
-0.00304481396276035   -0.00351190857967243
-0.000190492623812766   -0.0113043072729742
-0.0211936709902147   0.0261243838656329
0.00209127016597588   -0.00695695989674672
0.00798348445813879   -0.0135896483590052
-0.000916277121721265   0.00328087599031512
-0.00284969939592727   0.0183654483702478
0.00626905600700578   0.00935030252580216
-0.0169198914064426   0.00859965625562165
0.00180742887777985   -0.0198988544052927
0.0125130579690911   -0.0159853294610039
0.0109768628869178   -0.00310677949128912
0.00432860848411032   0.00327889386348978
-0.000332045930981906   0.0105420822534787
0.00799171815197663   0.00688119725860847
0.000847510772382876   0.00515150703890477
0.000517755583791413   -0.00422055212844885
-0.00395884790954426   0.00539876846844667
-0.00179614304650233   0.00620648166845328
-0.00564603456314039   0.0123818435124639
-0.0104262349449504   0.00247373035126763
-0.00583442172341186   0.00534038369146739
0.0122082894776785   -0.00731895552020223
0.00685538900818194   -0.00372142564999578
0.000237247755234371   0.00767558667545387
-0.00151910597885507   0.00737199963799373
-0.00337883499869207   0.0104713333212967
-0.00195590106163923   -0.00796332800668953
0.00329021688800424   -0.00753412748991433
-0.00822175554420301   0.00883887089339463
-0.00192167390408837   0.0130325497628716
0.0125205900370018   -0.01246276853065
-0.00906406115116898   0.0157549066699243
0.0011970910987662   -0.0054657309108137
-0.00124511013883577   -0.00322947109929395
0.00363568047926055   0.00234217758841027
0.00557114260762859   0.00450752804832089
-0.00290043038952525   -0.0079013498238325
-0.00793725813693857   0.00982680596107866
-0.021102532349583   0.0100484512147387
-0.0305646326863114   0.00301122303754564
-0.0430191219384   -0.000316318329541154
-0.011837286915064   -0.0161956836878687
0.0376747867160097   -0.0194922839728546
0.0244340785778174   0.000574361663179701
5.01034431152902e-05   0.00294602974332747
-0.00811174465492837   -0.0077115596196311
-0.0303022066091083   0.00717917607569873
0.0188032325920222   -0.00864165084322988
0.000716247287606997   0.00486503524887016
-0.0152523799211117   0.00908926025272105
0.0248202354324993   -0.0148632937240833
-0.0134619104839686   0.00478649591748237
0.00542697681914905   -0.00677469739051428
0.00453405924343642   0.00628067793530906
-0.0037175392911486   0.00156404438328828
0.0124218318280791   -0.0193504595613225
0.00862944739666549   -0.00378064490774754
-0.00225018626588902   0.0121315374832731
-0.0164765996344203   0.0152674897621345
0.00515439348879365   -0.0164326128955334
-0.0130649225339665   0.0138081077389627
-0.00159995860009232   -8.21986995829249e-05
-0.00362239577122914   0.00679336325455981
-0.000259232264349762   -0.00868388171325041
-0.0254174036911561   0.0169690163697629
0.000584728235040188   0.00282729897370348
0.0184866413645732   -0.00347467991174177
0.00260558215855866   0.00425780126903597
0.0148273797959995   0.00603919945494447
0.0176384075274338   -0.0136606681973426
-0.00343219645911308   0.00430433041833567
0.00815735277328322   -0.00332840543961233
0.00898593940128301   -0.00840980315806394
0.00059606673251178   0.00262031410188079
0.000943601750422296   0.00757673123671943
-0.00632218371823701   0.0017034235949378
-0.00480532027652991   0.00871249673677621
0.015237747688853   -0.00491201062950797
0.00453616810808821   0.000322685382263543
0.000491656026631482   -0.00274739334594098
-0.0012792786930369   -0.0061680658356531
-0.00622271559182153   0.00988371654578657
0.016752704442685   0.00169122380097253
0.0109021923510264   -0.00856730366161162
-0.00246064071019525   0.00663365301512986
-0.00193421360215851   0.00249688169612039
0.0113102984743687   -0.00402980893797711
-0.000574746040984841   -0.0160366825677256
-0.00431873457964116   0.0075214667279413
0.0117612616657743   -0.00460608148937158
0.00289516554565594   -0.00823409873982683
-0.0030378168009646   0.00115719334455378
-0.000998624368759415   -0.00264679692905023
-0.000523667533648187   -0.0147640744008646
-0.00937544527201428   -0.00564600489529266
0.00230425756509689   0.00295320665150633
-0.00393937488616825   -0.00210848697972743
-0.0140584629181806   0.00480128522351375
-0.011291746814706   0.00569798075393546
0.0150926316315729   -0.000919171633094074
-0.00072975874038228   0.0016709951313576
0.0157413479136119   0.00208507652651857
-0.000862432066837115   0.00664322492095248
0.00363722233680175   -0.0030670040308225
-0.00114691434562086   0.0030670040308225
0.00133831881639868   -8.23465808128532e-05
-0.000143275505406493   0.00231511221105762
0.00114571401237651   -0.000991776061802341
-0.0041601829104696   0.00395983941150568
0.00949053891745244   0.0134173185713289
-0.0102576132199514   0.00032543274523178
-0.0141017883342602   -0.0275595834784275
0.0193153322999811   0.00874623687162046
-0.00607697318982936   0.00965646464233849
-0.0067420610557809   0.00049255229739753
-0.0078101739448897   -0.00106777006950587
0.00257778139051812   0.00131422154802152
-0.0195715430854895   0.0156349993996434
0.0050397622843672   -0.0130122576770715
0.0104431677369963   -0.00591134891262524
0.0145260777276359   -0.00214342796815359
-0.0153555934950589   0.0112421196752202
-0.0179754499321376   0.00553343681344654
0.00821518716105807   -0.000243445589833691
0.00903332120081402   -0.00725034697763594
0.0123071752061588   -0.00755052649198706
-0.00165178134033717   0.00571304945690532
-0.0022877032193156   0.00295039675436914
0.0106153594503304   -0.016752898646712
-0.007112943538651   -0.00099872004704249
-0.0100536994162361   0.00448820898482438
-0.0140781689034277   0.00718900410865331
0.00169004021858044   -0.00404287361532329
-0.0126944425777866   0.0133860752492287
-0.0242838572586077   0.0017925028564667
-0.0110374161651574   0.00446856240376547
0.000989569705805771   -0.0110039715663142
0.00803565061977984   0.0143219351207984
-0.0252567233448504   0.00980908616679166
0.0162836823245796   -0.00940506826420684
-0.0216999390807633   0.0154667660864973
0.00133012134482779   -0.00310601801417842
-0.0128978891933409   0.0104745596198823
0.00558667524783019   -0.0068117768686875
0.0203073498108397   -0.00382247367727473
-0.0152319348842456   0.00541039161522949
0.0135508688400385   0.000476192249911911
-0.0109428443386017   -0.0002380310878074
0.00519554608730477   0.00142689770663385
0.0240851287342503   0.00844121729449032
-0.000361754728436026   -0.00306624530799926
-0.0181859689878108   0.0183824594323889
0.00597669986936644   -0.00832818258261625
0.00156715254580586   0.00483377480831315
-0.0192340345249047   0.00116594470400155
-0.0135524474431579   0.0212914702907234
5.39136807988783e-05   0.00106396751844695
-0.000863252382112378   0.00877379288092595
-0.0130933962891673   0.00697954844150228
0.02040734986653   -0.0167414792226888
0.0167373849285992   -0.0106264389318911
0.0162025523577105   -0.00616766563891868
-0.00410388021572761   0.0122207886134831
-0.000468588350971189   0.000840385535410881
0.0143750387807842   -0.000534465493668534
-0.0127097201792425   0.00403960890472188
0.00456496856414734   -0.00198022414029619
0.0120389777945675   0.00357616877087352
-0.00230389727718183   -0.00969133469978356
-0.00787339328027237   0.00436118471584201
0.0232346995833126   -0.0177654383434884
0.00448243935342596   0.00411833133104622
0.00391206285884316   0.00363769433482997
0.00324827066172517   -0.00643343278269093
0.000798071842008419   -0.000311256028798113
-0.0109779969662718   0.0109851948579207
0.00492761746106485   -0.00609628790512051
0.000802008755507622   -0.00411127076342677
0.0160084683869011   -0.010155009857157
-0.00128325500978654   0.00313528343602432
-0.00163098141232343   0.00093895962336088
0.00577066947461269   0.00296730560759251
0.00632363327721652   0.00412349218081509
0.00392223565769889   0.00209426645156707
0.00141798997392062   -0.00770041875449134
-0.00053791919345425   -0.000234525011468811
-0.0066212510978465   0.011261515993314
-0.000443335124517219   0.000385567431209211
0.0005909264955406   0.0013118360392399
0.00920749144531818   0.010430239260379
0.004378175263545   -0.0105842035808204
-0.00242977319064508   0.0070683096066162
0.00678886356220243   0.00260514562546366
-0.00324344530906018   0.000612040027950123
-0.0100377890208616   0.0108768323522552
0.0108620424828425   -0.00728902800814968
-0.0120381413223054   0.0122695747126977
0.00269310739335804   -0.00634304185435131
-0.00234958225397008   -0.00128832176813365
0.00926913323464795   -0.00692670792844741
0.0100505234456136   0.00350679709470203
4.78984995595511e-05   -0.00480610460057296
-0.00110603190399772   0.00852848306545706
0.00700183968777601   -0.00433057269466897
0.00314937274158122   -0.00312802187037331
0.000952448364767378   -0.0110613303752389
-0.00539295863009226   -0.00596594365639902
0   -0.00256746200451374
-0.00172447704945533   -0.00413739691912607
0.00148514178298065   -0.00454771791097652
0.00205586270136404   0.00993121047172618
-0.00911716393833295   0.00411537128534079
-0.00541315793736441   0.0025538931480158
0.00791675999620622   -0.0101195876274645
-0.00874111885856088   0.0125169453154141
-0.00559392765057876   0.00547128537057517
-0.000194753026663719   0.00666222510094805
0.00365220484126905   -0.004283423953229
0.000825951448484297   0.00313824809638241
0.012357239381914   7.63718450835782e-05
-0.00939901485710859   0.00563853004378601
0.000290628371216961   -0.00456972603202299
-0.00875221941122817   0.00964761939296377
0.00981659935314738   -0.00865546551863616
-0.00937732643620226   0.00167644105213682
0.000292968918724767   -0.0143379087199875
-0.00347114275073501   0.00431482728020871
0.0062977102608448   0.000768350597531331
-0.00136377558968448   0.00222616456532521
0.0128791138066262   -0.0044561652300219
0.00676039791566119   -0.00378086391818844
0.000286350753903264   0.00516580171107339
0.00429002337969653   -0.0014622570289955
-0.00190436826329776   0.00238502503004767
0.0020471911080131   0.00404831004674922
0.00303899934205898   0.00718213263945966
-0.00299128542868932   0.0141349725721494
0.00507557348340804   -0.00745842766812643
0.00156028749169046   0.00241683743136711
0.00325396004489242   0.00534161303455605
-0.00136637764210423   0.00643280797662005
-0.00952275211177867   0.0048343919149394
-0.00774154173905561   0.00444154904353233
-0.00196879405163397   -0.00073903625866123
-0.00139517258020483   0.00383676832156699
0.00298018141802192   0.00484837732025323
-0.00373145799643471   -0.00624859847847414
0.00641938416859045   -0.0107501921308701
0.00283481519008966   -0.00463167024566324
-0.00163275715769462   0.00164611154968686
0.0129386085032843   -0.0115044543076666
-0.0365696132243931   0.0264927825208021
-0.0180721096011984   0.0246608729706006
0.0178752220075058   0.00208124309607527
0.0168841894666683   -0.00770223948853488
0.0135535976297829   0.00367863999525309
0.00209800999919008   0.0137890948737436
-0.00721889620170657   0.0124421402688641
0.00597966117594773   0.00161506128038447
-0.000620152383222106   -7.02216094889963e-05
0.0147804115389674   0.00733896415940194
0.00352093322681224   -0.00881295985013253
0.00723693100349809   -0.0165762181315667
-0.00013923289815132   0.0117164441847271
0.00556784783163433   -0.0146493006118824
-0.001342872309678   -0.00863383688747721
0.00268362232777264   -0.000940268441972592
-0.0010168756476272   0.00562589610785658
0.00415415237677941   -0.00548076993857993
-0.00378439133084107   0.00202282823386657
0.00447516877516385   0.00173076191073473
-0.00271950472251969   -0.00072088016517835
0.000461399451152644   0.0015849087632116
-0.0010616978038831   0.0123761491270606
0.00115403237034784   -0.00184999075591108
0.00161339515780323   0.00829917199753005
-0.000829496535662777   -0.0109011638127843
-0.00642777257943816   -0.0103558719800683
0.00291830411363136   0.000577708843959357
0.00106328637509367   0.00748582491864447
0.00814541508764766   -0.0104521006132154
-0.000595609227331373   0.00188167567348785
0.000595609227331373   0.00978878787767723
-0.00247780360681293   0.00385990928105429
0.00462983238195491   -0.00895747704236705
-0.000869218414989881   0.00838724381286227
0.00287948732569987   -0.00946820008122362
-0.00517091993997187   -0.00266999381312338
0.00187943372000543   0.00597969669203557
0.00224129254835059   0.00157906306955624
-0.00146305572521754   -0.00524888401188672
-4.57525136807746e-05   0.00839961469619777
0.00201137120537531   0.00107152340258043
-0.00512770274393937   -0.00235986177660763
-0.000689081951362525   -0.00380051445488139
-0.00188514339968382   -0.00583707273234602
0.00491228444551162   0.0132823620745786
-0.00165016953373343   -0.00385898428808229
-0.00284798865623959   0.00143085022097456
4.60745447821154e-05   0.00110229543214491
0.0044978717798374   -0.00818951921695454
0.00301754957525091   0.00725925014055839
-9.12230305676331e-05   -0.00071667805088893
-0.00228551270034494   -0.0126207403601502
-0.0242258989143549   -0.0166111784959035
0.0142453133718412   0.000516130708436258
-0.0144796583688649   -0.011423122345799
-0.000375441528495557   0.00149134600340339
0.00994327942210926   -0.00432957360322561
-0.00387311026084802   0.00804715549022816
0.000187615724953183   -0.00327062500703423
4.71010996001553e-05   0.00349313020559805
0.0111823863782829   0.0080546919795319
0.00628196746370779   0.00791770429274585
-0.00549448991013612   -0.000949832939021178
-0.00813513135965671   0.00633833257872496
0.00618882969945833   0.00730849854566351
0.00495123442279777   -0.00216538549246437
-0.00908844309977219   0.00252599176927948
0.00751759849071654   -0.00897782236431865
-0.00240700601392696   -0.00330495990950475
-0.00511059247678958   -0.0117643189464305
0.00441550672731328   -0.00466977284866932
0.000695085749476299   -0.00558862615988787
-0.00343521368137534   0.000671765138525515
0.00519490942281831   -0.00591602806886016
-0.0127100293115872   -0.00225586062444716
0.00131098815528041   0.00097789321390529
-0.00328073918724936   0.00375325756553391
0.000516364750120069   -0.0141100823722615
-0.00347816311193583   0.00636267596599804
0.00624253754906512   0.00324150281192193
0.0026636628033847   0.000827865809074346
-0.0018684134113105   0.00105241495662689
0.00046720838185621   0.00150128763844304
0.00424395396404709   -0.00436026676561951
-0.00335599458001035   0.00263388182971269
-0.002009885460593   -0.00678621854464456
-0.00267023872820538   -0.0109540332295879
-0.00295973430294172   -0.0022202648832943
4.69682885579914e-05   0.00611361496579121
-0.00727185799967156   7.61997442273454e-05
-0.00603671757879454   0.00434154002790788
-0.00458760072716569   -0.00770567205615702
-0.00110218184354416   0.00892135264314309
0.0218168904280311   -0.00853825444701428
0.00449400084614471   -0.00406576040056272
0.0105460862737861   -0.0433590222377847
0.00249254530009857   -0.0148808495261061
-0.00230761916229305   -0.00563761096703441
0.00078529517911452   -0.00599987449868244
0.00777237638107753   0.0049340083235565
-0.00188004182945978   0.00898254173831248
0.00512768201587743   -0.014823792352459
-0.00224025001238637   -0.00289209306650129
0.00752309401751283   0.0024794379545634
0.00195134345302073   -0.000330321670303668
0.000543725279541718   -0.00388806448883283
0.00370871015579066   0.00149058333149199
-0.00470597503483461   0.00733954373118273
0.00194842575440379   0.00418137867116108
-0.00240209263852176   -0.0163326693534982
-0.00368207042092195   -0.0106152367141572
0.000500783858898401   0.00730095317595225
0.00599070923613354   -0.00108686484468556
0.00316239342296321   -0.000753884453415843
0.012995925334617   0.00850733876723186
0.00244584809973425   -0.0118638232371726
0.00602227796936905   -0.0125170097392271
-0.00114853193071962   0.00187048177189197
0.00665197851607413   0.00356170733440209
-0.0082884756913657   -0.0112362711989222
0.00410862117953492   0.00503770715298302
-0.00195768945595454   -0.00230211390998303
0.00217491480117893   0.0106991129213263
0.00385012156073383   -0.00499578474799645
-0.00278649034242662   0.00440417057824671
-0.00172872765739207   -0.00178952003675636
0.0014628877925329   0.00203548183356261
0.00247789595013348   -0.00322464725102289
-0.00829864064884145   0.0072825374875789
-0.000222842593140093   0.0035366932461427
-0.00366158318294296   0.00151226246251657
0.00762088228995683   0.004271573111291
0.0059313452751697   0.00383794028899054
-0.000794726883049712   0.0155321745402448
0.00357142126301468   -0.00922431281960367
-0.00330639148473377   0.00799382286701533
0   -0.000656767170950978
0.00282231941843314   0.00336176049698
-0.00251309286886947   -0.00221249706427962
0.00229267272142408   -0.00476984637789002
-0.00352954488451029   0.0104149355596244
0.00220744397159667   -0.0128911233886955
-0.00371122401750856   -0.00688273533544947
0.00366707582613213   -0.00199846746897059
-0.00260553723681234   0.00995509718969423
0.00639162391548176   -0.00687532251836664
0.00861790701870557   -0.0126304243910722
-0.00104594110324729   0.0033615132974445
-0.00157107843469628   0.0036014987276598
-0.00622082331178042   -0.00301444691876451
-8.80634725790586e-05   0.00693514077538016
0.000395657836187446   -0.00620243468378412
0.000658779989164415   -0.000420267496754612
0.00686932699075449   -0.000419762496927767
-0.00178939441128012   0.00603222353147448
4.36507323904323e-05   0.00732355885721159
0.00130953711770498   0.0135069770488112
0.00591512398205829   -0.0116017428069615
0.00393815815381604   -0.000579638483896971
0.00542792500910583   -0.00315142593876505
0.00398740989274504   -0.00725334641692665
0.00520661621004326   -0.00461281547016501
-0.000851428560080691   0.00544933751440091
0.00157498301064685   0.0059177263187733
0.00593754083199105   -0.00174648108075015
-0.000888284856718435   0.0016638482318232
0.000676908517380781   0.00298752004401948
0.00126787896935543   0.0110433376082613
0.00156184524590675   -0.00591830050938302
-0.002702791219237   0.00370341988399048
0.013900540732517   -0.0168986027093769
-0.00631757734092186   -0.00360551803792042
0.000629488022898528   0.0026004183592816
-0.00298237008667712   -0.00478687520233034
-0.00299143637820087   -0.0030355144394516
-0.00185830614824845   -0.00541954766004871
0.00126752684687403   -0.00801300066368871
0.00349798866427431   0.00350319456249082
0.000504749426360362   -0.00633102887192472
-0.00383399136360474   0.00479446394064986
0.0086161228419277   0.0121416622297525
-0.00196875817438347   -0.00507664775236094
-0.00175789114555069   0.0062566226433356
-0.00109736008467376   0.00428986090120276
-0.0129225714081196   0.00827453281549406
0.002350457354372   0.00398703612815954
-0.00106780466748013   -0.0014100230237073
-0.000726685778019487   0.00356308890734969
-0.00102669274373568   0.00453990004005611
0.00725039846322595   -0.0066929659236985
0.000934433752879826   0.00595161020046842
0.00317901009277577   -0.00810917229212382
-0.00233022246753301   0.00290363969260898
-0.00174057600871169   0.0100364266398012
0.000637062454427628   -0.00543925617920316
-0.0029771659632658   0.00305253866054844
0.0028070459162155   -0.00148384693453174
-0.00101979942741526   -0.00405098985798169
0.000595282263835095   0.00462841825916982
-0.00119062767679701   0.00943838521379359
-0.00439146287788184   0.0054579537616144
-0.00651617228972778   0.0030823974313634
0.00882069255087892   -0.0030823974313634
-0.00298851411489043   0.0129948129275252
-0.00184004154903405   -0.00546785910733494
0.00810612595745219   -0.00387774103486382
-0.00319222767003691   0
0.0109382480727813   -0.00494956626355947
0.00580154946420119   -0.0121128466614735
-0.000629004931593791   0.00550157362472969
0.00083860927616719   -0.000327547990822019
-0.00218174792575887   0.00220929162095729
0.00251688001973793   -0.00834795811264488
0.000376907335618348   0.00510723746799258
-0.00121516368526375   0.000657209259803615
0.00117356307450311   -0.00493870590394518
0.00392906183469321   0.000906974111808623
-0.000166624594103659   -0.00545660135257808
-0.000918433857204803   -8.26598714240845e-05
0.00179404571734398   -0.00116122790480322
-0.00204490827777271   0
-0.00167237906580553   0.00752457960833119
0.00550847655913689   -0.00272247943782933
-0.000915986719173922   0.00371053664052834
-0.0179032261429164   0.0144616262839818
0.00402018968199602   0.00113494121938462
0.00648331628064991   0.00234698936037692
0.00506435702258123   -0.00275224508685668
0.00221045245779816   -0.00675009007470084
0.00232999912728982   0.00561461586175493
0.00476824224704142   0.00032446973034439
-0.000207006057685533   0.00170239392414739
-0.000869014364221599   0.00492765526390926
-0.000248580583107838   0.00249529643368085
0.00792085167875722   0.000104918778955465
0.00332280637020688   0.0117706045987944
-0.000737416643420197   -0.00622846732280635
-0.00320188816761746   0.00543218353731767
0.00184842656601525   -0.00479163676280514
0.000492360672740055   -0.00264515519074049
-0.00151889720095522   -0.00152596738969457
-0.000205391596969307   -0.000321417020576753
0.00487787696152697   0.000160721423901222
-0.00126831959003137   0.0153184964557749
-0.0019262249736629   -0.00158482988674358
0.000218461577587092   0.00198041527228376
0.00829054381369598   -0.00142533632477182
-0.00676671517242067   0.0089164426016497
-0.000246959137163216   0.00203997856296745
-0.000452835004600693   0.00219275620345538
0.00119352952491791   -0.000469536691747763
0.000657701369418007   0.00374964708369685
-0.00808881571132236   -0.0107386825424687
0.00891064955046428   -0.0033157244093367
-0.0088276762886732   -0.00841663831257389
0.00186271947896799   -0.00231545276934675
0.00169427118347976   -0.00322450425316045
0.00230928254156026   0.000241170465577589
-0.00918647623563462   -0.0083086163259507
0.00646415447153981   -0.00601174476699029
0.00107323794479885   0.00146591484283842
-0.000742877361032512   0.00170699101095462
0.00748668334253821   0.00688066129763687
0.00167886929811001   -0.00631226291317244
0.00465317865899895   0.00121706472004846
-0.000122154986233802   0.00275313627112617
0.000529114915527096   0.00869475544835474
0.0053995329990304   0.000400674688905589
0.000445434997191185   0.00288121176435485
-0.000890792371401439   0.00422533009835036
-0.000243087431101685   -0.00390598439158296
0.00242794375930799   -0.0131047516900562
4.02941445054594e-05   0.00161730706363805
-0.000930002948137165   -0.00494105880756113
-0.00117372949855632   0.00590961293596415
-0.000567042893488079   0.00121023801015685
0.00222627898917604   0.00699667090949685
0.000485202120172445   0.000561276406229716
-0.00194187756559305   0.0102908421432018
0.00182037523458245   -0.00852830867152043
0.0018575651342605   0.00111991927435628
-0.00246398875740628   -0.00360408028802706
-4.052862841597e-05   0.00544189905158987
-0.0142157050986977   0.00850301689136757
0.00147564452251192   0.000474387653746078
0.00986433541412879   -0.00515438678229785
-0.000121669403917224   -0.00422264880579437
0.00174302126063086   0.00366629007464692
-0.0157136642658768   0.0074493920874108
-0.00156440286087012   -0.000236964568649967
0.000782402106908719   0.00244560300994401
0.0104027221743248   -0.00386835962002863
-0.00359197617469587   0.00677928073829293
-0.00233322186913298   -0.00369916069535492
0.00233322186913298   0.00385578668107289
4.11137735243372e-05   -0.000628470165870532
0.00114423564319566   0.0032170041766646
0.00472635777545438   -0.000313303597163639
0.00599795991435847   0.00297319349159064
0.00141312609350397   -0.00767825697638447
-0.00720799219292267   0.015733377964386
0.00340799063093389   -0.00615429571512482
-0.00012149197964284   0.0101850720780101
-0.00117523014920629   -0.0021686002528174
0.0106091969139577   -0.0120096265650353
0.00336491820111906   -0.00527037584481604
0.000479974268857042   -0.00395146521115297
-0.000319889102389226   0.00410881841568589
0.00134522898880007   0.000394815296603568
0.00212481442956491   -0.00577144121874884
0.00100033993289728   -0.00246037799823995
0.000360170517160974   0.00071483152768792
-0.00268302637462181   -0.00055605356837507
0.000200508083667117   0.00285665719015959
-0.00204674425366758   0.00624055197694151
0.000602582788235217   -0.00181283314042346
0.00388659939627711   -0.0151828788435635
0.00119913851546016   -0.00296758843284106
0.00350889439732072   0.00224661430859641
0.00432928896492779   -0.00183278285709498
0.00213791910198236   0.000964988754056151
0.00118555240694995   8.05281105185074e-05
0.00590770250259265   -0.00378519636372587
-0.00113943049404419   -0.00282811839600772
-0.00165238358595321   0.00315052903480417
0.00263484554760307   0.00161213784463232
0.0015695086303209   0.00193109825135096
-0.00149105458260745   0.0042505190843638
0.00121651512281851   0.00717704637183836
0.00133288577895652   -0.000715489813511105
0.000704676926966741   0.00127171423461014
0.00097830016137479   -0.0066132668068315
0.000273646549495687   0.00175668741152535
0.00514718265144065   -0.0106704465779783
-0.00389713242404621   0.00177347288818197
0.00175579090441857   -0.00621913280235997
-0.00496246476965023   -0.00479138647287325
0.00129170552340963   -0.00334338050825345
0.00814274242552138   0.00659397433381237
-0.00373182336559541   0.00952968865747561
0.00155682804085089   0.000321238151050451
0.00132122632801313   0.00444291955348941
0.000388233015270245   0.00439912059190029
0.00333308217534878   0.00270954493594022
0.00154639915790522   0.00373384606866001
-0.00069547225609945   0.00419398659898107
0.00169948830608213   -0.00221345958571817
-0.00363424041104388   -0.00285317500208127
-0.00031008672953714   -0.0151943646720625
0.000929446712521376   0.00209331888513287
-0.00232517275153565   0.00673193286396501
-0.0050180434362499   0.0108038202812084
0.00846538670276331   -0.00872943923526925
-0.00294299490405425   0.00738543273863712
0.00170469078199087   -0.000395837757896977
0.00652128510536443   0.003161276430939
-0.000884860814519328   0.00322987085687476
0.00230708814324476   -0.00275678785045841
-0.000499308997746084   -0.00142054979453121
0.0100936984505413   0.00134163676254762
-0.000608724381816472   -0.00990785728535837
0.00871682247032535   -0.00335083344519838
-0.00207789014802984   0.0134043016991221
-0.0012104292925601   0.000474013224748937
-0.00360318266066972   0.00496348148702275
0.000189866887904344   0.0034520089762573
0.0031481282303254   -0.0078628750226013
0.00543830572496873   7.87508965292005e-05
0.00300848659800756   -0.00205429010490388
0.00176360964132005   -0.000395464829633596
-0.000112582098516611   0.00748888249678537
-0.00409454951716448   0.00423202359862085
0.00829294587718721   0.00374682184895558
0.00632119028837508   -0.00915766244422489
-0.00384799698470051   -0.0130585539291381
-0.0005241614011533   -0.01113487778328
0.002057671948406   0.00581149035813944
-0.000261644762006519   0.00136358682422433
-0.00119684563301714   0.0029611463648278
0.000486168435780421   0.0129408700269744
0.00205544215808029   -0.000867842440607447
-0.00377763440210099   0.00157820052254731
0.00713203294916553   -0.0108582498132765
0.00630525820372441   0.00476985870210367
0.00420585637466342   -0.000159111474903995
0.00664176137740213   -0.00285951363541681
0.00182695858966841   -0.000636278925589373
0.00226097747997667   -0.0134629210961981
-0.00153104142918359   -0.00121098613147019
0.00726971619066052   0.00411104336158097
0.00649769325260241   0.00168775347684758
-0.0034241388763343   0.00416750716952397
0.0094867193462429   -0.00136014675946861
-0.00168281789440705   -0.00933343922374519
0.00453974250636158   -0.00526812532589727
0.00809840244923965   0.000974543833547337
0.00211992044600251   0.00429358149234993
-0.000388626612518372   -0.00543058200342994
0.000423883847401996   0.00817498146952378
0.0115114739726927   -0.00371490853080747
-0.00665205107470257   -0.00698264486651201
-0.0103099024423434   -0.00588390788264004
0.000496406540562155   0.00588390788264004
-0.00113565636865953   -0.0145989429912232
-0.0220102421162203   -0.00932234985254787
-0.0427222712005619   0.00940523913705782
0.0195105048605351   -0.0062324698563474
-0.00543977333441692   -0.00954866787295305
-0.0382303476884971   -0.00109473640592572
0.0149097900876107   -0.00633902671646513
0.0145777002533674   0.00439958721415934
0.00248446606968589   0.00446366417600341
0.0134059055126166   -0.0111550123638287
0.0126794767482927   0.00339330622469092
0.000292742979070226   0.00540591211144559
-0.0062809214041657   -0.00438993091887507
-0.00498646883059006   -0.0123439530320901
0.00129506215005115   0.00299306611982519
0.0158135618937445   0.00884313698128736
0.0115456380822714   0.000338429397653606
-0.0125653172267315   -0.00143956365772535
-0.0101816564500448   0.00633559131917316
-0.0146474403047634   0.00680344402163602
0.00514156078131478   -0.00816257288010558
0.0114920203799809   -0.00270775474125262
0.00253170734043273   0.000931325480693523
-0.000366590703796632   -0.00110075737313942
0.0048272495355981   0.00574552740716605
0.0172528618960177   -0.00659304333040911
-0.00125624799431723   0.00575023694249222
-0.00648328589720926   0.0050469524518455
-0.00514491540837714   0.00877071532860185
-0.00109037677056101   0
0.0010837578917906   -0.00358248530267602
-0.0136225025218781   -0.00317658898478168
0.0016991497881671   -0.00402777952179267
-0.00192115312844976   0.00109272692142515
-0.0253146117373246   0.00986041671517768
-0.0215453287403262   -0.000748339544872856
0.0269914880754358   -0.00383535978714278
-0.0171581026415195   0.0106356273299282
-0.00295911673555338   0.00264123547094286
0.0126964920902042   0.00485194468439509
-0.0218209007336263   0.00197120202810996
0.012735573155954   -0.00774257601910566
0.0106422892931439   -0.00206916407359081
0.00786101074711709   -0.00748528595550457
-0.0225377263628399   0.0108764514202093
0.00491618996098087   0.00165039069343731
0.0157753321745906   -0.00181553628331521
-0.0052560923127638   0.00354499401809782
0.00819333299685354   -0.00735132500660995
-0.00293724068408974   0.00231886452552477
0.00818795867163757   0.000330610661751329
0.0106416303904799   0.00272492763735332
0.00073997922830138   -0.00803091638279074
-0.0055629874972114   -0.00817972868503958
-0.00851553875799915   -0.00723343323809811
-0.000149961625800721   0.000253259928475913
-0.0135588055755003   -0.00456792747315138
0.00246876357950487   -0.00672025603561455
0.0101140172163534   0.0069743882837221
0.00093864118375464   0.00768393950769219
-0.00772036202563342   0.00176477846885437
0.00177532873523845   -0.00360807644625982
-0.00674033977717148   -0.001098733857539
-0.00220612709918466   0.00447095106743767
0.0128635695729482   0.00151395710845126
0.00337733038063703   -0.00159763874766039
0   -0.000926775295752691
0.00961947111151318   -0.00600008112192274
0.00930729732721147   0.00802004845588744
0.00304665684415006   0.002519399639481
0.000476218516325844   -0.00529800919274415
-0.00691066553777109   -0.0114473813576872
0.00419612776923728   -0.00384617280020549
-0.000845281078173166   -0.00506379173937255
-0.00250303932941698   0.00856813266543899
0.00749058483614817   0.000511772797167964
-0.00278407445516127   -0.00153617940753215
0.0027474363616955   0.00723305683114983
-0.00205092175031307   0.00793891203332908
-0.00238512392956558   0.00620525099518332
-0.0115678473089105   0.0216663847612359
0.0132564566270936   -0.00673076640602233
-0.00614491740383549   -0.00164851576435598
0.00976988506181087   -0.00529789097479672
0.00473999383654977   -0.00725790787527281
0.000727549900056523   0.00234157925190459
0.00832548475514105   -0.0081359080171719
-0.000107654955008307   0.00963871861203724
0.00295185655940156   -0.00300751843626035
0.00132909951128379   -0.00184201322661703
0.00129160833178865   0.000250905461417261
-0.0031958279857971   -0.000502750748205827
0.00251430011236309   0.00826541226583455
-0.00127643169596325   0.000914586485758484
-0.00205894532851048   -0.000914586485758484
-0.00384010525978695   0.00580376227159007
0.0017042301804393   -0.00880125678344079
-0.00628828860092678   0.00524045677209184
0.00182154391902589   -8.34463668120122e-05
-0.01370626441821   0.00223776842486778
0.002211468250227   0.00140647795329318
-0.00831876377795115   0.0093795050846186
0.00570125969084234   0.000245795183623443
0.00143853554143547   -0.00344485238670256
0.00213553115508169   -0.000782464722006715
-0.00353707455073593   0.00534248520626157
0.00812454258290707   0.00286444663245433
0.00842273305414132   0.00326392108249696
0.00896407962106327   -0.00645659836223533
0.00359216557327979   -8.17179480518959e-05
-0.00734162854649867   0.00384625864050037
0.00902522007384121   -8.14108833298022e-05
0.000787272045593923   0.00252902240381125
-0.000894708029062663   -0.00416461072796181
0.00403731459764245   -0.00188341269440606
0.00210122465974472   -0.00402513689634443
-0.00377856581033154   0.0063178397938497
-0.00114357933745701   -0.0123448952380905
0.00185761557256559   -0.0124154186660359
0.0050194951225464   0.00343177835224839
0.00848614330892339   -0.00158864851712259
-0.00236192177064165   -0.00192690968753428
-0.00679919098436965   0.00167564800976816
-0.00523728512025556   -0.00343796311111255
0.00491729099656979   0.00544498333533827
-0.00167191216450746   -0.00818031813831421
0.00543282661380839   0.00143432310292901
0.00427563012082288   0.00496119759234048
0.00366057525868513   0.00058738238443734
0.00329708910555659   -0.00521167052723737
-0.000420464781488938   0.00101085131679302
-0.00136702855658744   0.00838312369377903
-0.00672269163314354   0.00723641467992842
-0.00375054918791751   -0.00207399618720849
0.00636031738032017   -0.00224505542053421
-0.0074952007428406   0.00580953201847212
0.00805862511478495   -8.28658962435114e-05
0.00351440441210737   0.00124076186156064
0.00213735210322152   0.00667338430679898
0.00234256282350387   -0.0033721927477437
-0.000593544664185153   0.00394661410526087
-0.0013287452614783   0.00155778714496968
0.00600035393602383   0.00196435098942249
0.00786435935644025   -0.00574023630669629
0.000482867868142556   -0.00602232301833805
0.00536658351622776   0.00132305344346939
-0.00405686928977644   0.00214633377673223
3.44612079494766e-05   -0.00231132395782474
-0.00172359321907845   -0.00579836468171724
-0.00269515439693091   -0.00266957594528971
-0.0030146164722531   0.0036684631659929
-0.00194515438982812   -0.00852520477155672
0.00173694246673151   0.0036867248256387
0.00329193669172412   -0.00763986410859552
0.000242362206293478   0.00235687177129851
0.00589693513908429   0.0015122557249585
0.000171865166564089   -0.00479650595160841
-0.0053082986896289   0
0.00541147262239505   -0.010514750365477
0.00106527800153522   -0.00598511116601053
0.00807129695676156   0.00462015391279458
-0.000914222134579035   -0.000427010059112831
-0.00332746004048712   -0.00256508121050736
-0.000928420330068569   -0.00102807053699561
-0.00299678975999207   0.00700340084619633
0.00279021697531956   0.000680568106166568
0.000103349012226417   -0.00264015450762667
0.0034682508393189   -0.00736830042505332
-0.000582804941363868   0.00609431797591586
0.000548323489868885   -0.017524035320629
-0.00784625130720684   -0.00707884637616818
-0.00561278850670011   -0.00863197878626742
0   -0.00336751813711356
-0.00146025589165344   0.0100680404829774
-0.0321753846114436   -0.00272790367322973
-0.0222725765753999   0.0120865881020551
0.0137929625350424   -0.00348823337899784
-0.0056332203358842   -0.000436716101174461
0.0216306322109059   0.00226943142163627
0.000177929222648032   -0.00594733568231565
-0.0145461991229912   -0.000350661871237001
-0.000542913241843301   -0.00219596530554433
-0.00449885541414385   -0.00132017144228325
-0.00510341111697254   0.00316489691424149
-0.0307671392161684   0.0075210271036541
0.0177812056088227   -0.00419076851478817
-0.0177437326178529   0.00601838822411604
-0.00555565376792977   -0.00226323133898454
0.0147098404382646   -0.0049807326316218
0.0106241664798388   -0.00509388206328865
0.0105856720741579   0.000926579709173758
-0.00594066546681926   -0.0125105666849112
0.00550197556941168   0.00392081118846299
0.00630771024593191   -0.000622877469402816
0.0211828429013483   0.00133405481577054
-0.00181623330688119   -8.89173826754686e-05
-0.00981631232699876   0.00743828945225111
-0.0188620139216225   0.00650700565987972
-0.00187289164145366   -0.000613564369898789
-0.00686020787359976   0.000613564369898789
0.0103826102297919   -0.000437865622140876
0.00259716385648545   0.00577044063245946
-0.017059163753431   0.00278576685126808
-0.0186796538413514   0.000348162632917592
0.00340189963204107   -0.000348162632917592
-0.00670134092495012   0.00104315152763146
0.0160155546201359   -0.00226080095827896
0.00335867643479038   0.00113103938162507
0.0227643229230265   -0.00488092156164388
-0.00218778508731976   0.00392396575625131
0.00607717644491679   0.00373574701799839
0.0131543655252706   0.00707472313522128
-0.032938934132833   0.0166034364674363
-0.00151829655099078   0.00313552438544029
-0.0235101451804569   0.00185941348128882
0.00189525970816273   0.00412961524771394
0.000227394262018343   -0.000168271020725363
0.00502263621119337   -0.00446833213386633
-0.000339150483691597   -0.00236861996216842
-0.018637442523751   0.00346658767077468
-0.0198133383824883   0.00580720258541056
-0.00109705129230697   0.00597068873122453
-0.0150888690628372   0.0131240479575139
-0.0164119269708394   -0.00363744942613753
-0.0207023931815247   -0.000165740595319264
-0.0267782835137798   0.00495790356840953
0.0492899247623777   -0.0107733401664101
0.00764792093385136   0.000166992977429281
-0.00129081479465487   0.00837841697726471
0.00872070531693314   0.00379255886810181
0.00103973254697287   0.00525329094531557
-0.0241520984625918   0.0113155706810275
0.0329469075816089   -0.0116430414156872
0.00785372969387677   -0.0029522132056421
0.00935166716856362   -0.00263196583434233
0.00466236851526691   -0.00156580137566564
0.00352132554388795   -0.0064542928402993
0.000386423662172675   0.00389372919283382
-0.00611958685595582   -0.00372812924291832
0.0113954870996578   -0.00365812274998856
0.00241706560588373   0.0009990171699652
0.00755805009852217   0.000249437865054603
0.0132222589323483   -0.00525553839850712
-0.0136028328402471   0.00675200046480029
0.00209039211227946   -0.000415570212169314
0.000531386837856473   0.00654471285863067
0.00842582214036991   -0.00480063386519625
-0.0076293965055676   -0.00099594897175681
-0.00132781247265878   0.00505292022018278
0.0157067489546296   -0.000744145138097174
0.0087440760427322   0.00856365674098658
0.000481462846836145   -0.00605813265127164
0.00701078220117424   -0.00447433527927288
0.0041833854716451   0.0045571057030287
-0.00131928165434214   0.000495630253010582
-0.0095783721870788   0.00658812759534921
0.00122062236383247   0.00425943253771077
0.00055435288066441   -0.00393068526446338
0.0127774249824366   -0.00254697961211559
0.00324159557930059   -0.00379140494310182
-0.00222058082807486   0.00568169534020946
0.0108384466552964   0.00155859132087866
0.00172904645362593   0.00253801169834844
0.00201335046313833   -0.00286618184540988
-0.00356219560831583   -0.00897880163382947
0.00618062365010541   0.00594031115885674
0.0013606122517773   -0.00296570937335439
-0.000715818541181967   0.00493783334182751
-0.000429262778610884   -0.0113935504633735
-0.00186468711963439   -0.00341063460179747
0.00622427179030272   -0.00928594026466989
-0.00364369594217262   0.00780706329353631
-0.0013614341053394   0.00208810077493649
-0.00607504270676085   0.00366482150269398
-0.00840078084222018   0.00646405988658394
-0.0020018892552045   0.00420390714270535
0.0143970557005213   -0.0029654376220023
0.00376382519560359   0.00698818925673983
0.00659761437304862   -0.00188640125463024
-0.000640162562157265   -0.00724928898990118
0.00492856971073774   0.00659250652363497
0.00361904117380529   -0.00057481941129911
0.000248003856306411   -0.00222169776274228
-0.00301418909442575   0.0104061899817971
0.011231163534247   0.00219830676575317
-0.0194338860203427   0.0154153826522405
-0.000752239435867885   0.00160054217918137
0.00742633395787529   -0.000720101230540671
-0.00524298946838453   0.00916031373576409
0.00378366890713888   0.00348305762257528
0.00628544528473007   -0.000949066128200116
0.0117893029898362   -0.0143056192565787
0.000489874834554982   0.00184747570946353
0.00157259607764715   -0.00870567624547824
0.00264953134121004   0.00282986580104883
0.00482850059443241   0.00129065490063418
0.000762112766870437   -0.00355371348581546
-0.00513781037399674   0.00315036944912084
0.00340499908983016   0.00241694191992181
-0.0002774829047274   -0.0058910534915162
0.00674319906584397   -0.00714786146834623
-0.0006550402843013   0.00252378722377511
0.0006550402843013   -0.00628122079271431
-0.00244993138220373   0.000409254282867089
0.00196713222886213   0.00522130294592316
0.000861669593443359   -0.00481235541361258
0.0089513727935211   0.00212350178955401
-0.00222179626999353   0.0081254411175804
-0.000616079652773216   -0.00145814350466189
0.00464603817891085   0.00339878098855984
0.00156652044388128   -0.00640138832385073
0.000510116250939774   0.00510809448411376
-0.00754474293438179   0.00411667642487057
-0.00216144670966223   -0.00477346690213398
0.00974038997827975   0.00283445558987072
-0.00412367362910881   0.00274560149515057
-0.0168407939324116   0.00763189726620261
-0.00139003663851067   -0.00433082881578439
-0.00303037146870277   0.00409099090803533
0.00501074071558705   -0.00136185034320935
-0.0254514691325376   0.00782507832682544
0.00900248248815316   -0.00294744591089202
0.0058409055659645   0.00612348662345319
0.0092187507543704   -0.00333524988832412
-0.0064861174606321   0.00222507289774221
-0.00663400118134572   -0.00206586372197926
0.00897526132561133   -0.00159208203946282
-0.0030762659160537   0.0057193484389062
-0.012293651568636   0.0111845247096554
0.00226595099387161   0.000861305738876439
-0.00934423780552684   0.00717403773372993
-0.00673365288326888   0.0030259310948324
0.00272773564887263   0.00856156625219207
-0.0135667269756885   0.0124417601811713
-0.00254636078527515   0.00666670700076022
0.0214744148367654   -0.0114671188301863
0.00862486402527463   -0.00566791159156388
0.00648153589561851   0.00322109588216435
0.00995762168737979   0.00861405494711143
0.00457832243507639   -0.00945665438878862
-0.000242364520389948   0.000613041314072582
-0.00176690428027371   0.000765140425714961
0.00411789279779828   0.00343774976832378
-0.00110567247615201   0.00251322966960021
0.000380049037167041   0.00174849313474112
0.0104165129144231   0.00499879900327471
0.00225481956013063   0.00143441553271906
0.00950883446016793   0.00263748788187534
-0.00145463881829233   -0.0110470110364824
-0.00122521446527379   0.00742867428787353
-0.00985613529466978   0.00309172759822829
-0.000998251843977727   -0.00642031276957677
0.0035400693792571   0.00702232983226203
0.00513242037089068   -0.000677662062526174
0.00903758222347406   -0.00234136948921204
0.0026011365234595   0.00768382339946072
0.00796303600070036   0.00710332952271298
-0.00113857006135731   -0.0133513481021055
-0.00550973901867202   0.00135832705436822
0.00124554788028064   -0.000377117385383485
0.00476656108545193   -0.00552201712815048
0.00234179267796186   -0.0134404219007855
0.00446685367184241   0.00115223785324847
0.000332683735678962   0.00574316877848347
-0.00323036566303703   -0.00298208719628068
-0.00682836166809153   0.0107397452999196
0.00365406502878951   7.5773453066752e-05
-0.00557046540449146   -0.00235107223604913
0.00245335708900551   0.00189666630525664
0.00712482667818382   -0.00547239427046886
0.00468867732006117   0.00433473625871805
-0.00478863376144556   -0.00479190854574707
0.0066775869407012   0.00236075506595324
-0.00182288673042486   0.000304386654550903
-0.00245773516593406   0.00243041448013415
-0.0110006976402373   0.00800827849593588
-0.00874594499916714   0.0196657695312004
-0.00755832368445564   0.00919929954335785
-0.0305343735770238   0.0171400081108057
0.0139257771918677   0.0079611061476097
0.000590247911564923   0.000357266661524136
0.019430213378004   0.00214020092708189
-0.00683473543639757   -0.00199740241397173
-0.0122483756639866   0.0206356641130112
0.0154322785842531   -0.00343375710672778
-0.0300134929053559   0.0222799997277585
0.00263808284605638   0.0110580192836389
0.0146472428486435   -0.00804260489245934
0.0119757921338213   -0.014405720499556
-0.00769212115011797   0.0102912694802395
0.00810259812608116   -0.00668752646794957
-0.000308010272362047   -0.00666356659052081
-0.0260229793925344   0.0163011435776923
0.0109979806176579   -0.00404994750896392
-0.00393148665217069   0.015291264049683
0.00701679524379983   0.00128658772545442
0.0126918760589847   -0.00379596854327335
-0.000444175603375285   0.000271135296336489
-0.00586430442195773   0.00129187595795344
0.0112866636064481   0.00149315987460152
0.0127733054220363   -0.0182756395572374
0.00077197647862981   0.00708969472953491
0.000503060718458848   -0.0179251345028018
-0.000234715502066329   -0.0176830464314257
0.00708569160655781   -0.00177889643178286
0.0034580617800728   -0.00657250548766886
-0.000664285011183985   -0.0215903745048598
-0.0030935656456661   0.0126630161206256
0.00252893603422066   0.00540930343413848
0.000597865241110718   0.00423457747998324
-6.6254414578637e-05   0.00300376465461039
-0.00473634118738087   0.0131236883771697
-0.000234559482600538   -0.000211470402781799
-0.00787778480257373   0.0119824160674575
0.00589749691511177   -0.0147351910889251
-0.00208548885097581   0.00641234171064298
-0.00540169529687606   0.00245463672881652
0.00462702940566384   0.00244909798024562
-0.0119659684622695   0.00300578319524458
-0.017822674702856   0.00244060013175496
0.00815933323030382   0.00908021128843384
0.01344134888721   0.00735645410329511
-0.00432355414548624   -0.0083227152244385
-0.0156468539813419   0.00269051090844474
0.00945177186356894   -0.00566503935110063
0.00674062884860138   -0.0150063511138825
0.0103134265160278   -0.0124537837878824
-0.0011143962293243   0.00723645345806556
0.00985194482462859   -0.012161527554305
-0.00160737383567611   0.00121533585762279
0.00294451747173952   -0.00243275396147347
-0.00438698717698838   0
0.00675647172807459   -0.00755136504299792
-0.00327203784888486   0.00583017270536068
0.00290552129818256   0.00100420770343934
0.00163250187677466   -0.0020094248537692
0.00408641756406336   -0.00489700395772541
0.00562071675908804   -0.00913755751939593
-0.000296701920728282   0.000655301204822933
0.00306293578138561   0.0145276002703261
-0.00266706566210484   0.0134007691364282
0.0092213135131809   -0.00308340800190088
0.00400965830726374   -0.0132482685839879
-0.00110692864363049   -0.0113111641763171
0.000228247488912814   0.00603334571882463
0.00351041953564657   -0.0182840743310004
0.00246299547131379   -0.00421601256008408
-0.00191154926188108   0.000666672360659426
0.00210572702668532   0.00458220616779492
0.00032368672163674   0.00646751093539422
0.0014546092908434   0.0102770229879949
0.00721068106666056   -0.0010882701804027
0.000737256406209141   0.00181251701884477
-0.000288722801423447   0.00829866536492663
-0.00372579575219856   0.010294770828966
-0.00160993090678652   -0.006278919839386
0.00222127146619844   0.00128782538279193
0.00772039878009778   0.00292656772308852
0.00226275411850896   0.00582714868422052
0.00444778362327369   -0.0029091805211845
-0.00371538069784449   -0.00213455168154297
-0.00853106558523553   -0.0134223010190846
-0.00672924971746003   0.0207499966413369
0.00615164542155267   -0.0100353287200878
0.00179629205131704   -0.00487600190780491
0.00909250055185051   -0.0055499711633491
-0.00314911024706621   0.00216600938433498
-0.0011158324206928   7.25190816908139e-05
0.00283482426852011   0.00783015653425068
0.00858180830604294   -0.0165950668742116
0.000599186791753858   0.011500869650976
0.00684636236583724   -0.00903064209894477
0.000219237829001351   -0.00137985020924081
6.26451511607229e-05   -0.00824595030050013
0.00409040861486609   0.00159877451535717
0.00437484132185784   0.00131846561653237
0.00152638047436771   -0.00146504868832942
3.11614762438239e-05   0.00285367471793219
0.00530904932054632   0.0024088486316165
-0.000247596054946619   0.00109299374241711
-0.00552867374088617   -0.00364735541892802
0.00242651994093368   -0.00984233622299335
0.00930825194288332   0.0112296052763394
-0.00760112859037676   0.0152829470281031
0.00380798725963416   -0.00569451545675559
-0.00281578365319213   -0.00492839415564816
0.0053154915973348   -0.00663220565371692
0.00675798346590017   0.00350445768748475
-0.00288209273930651   0.00885128565429305
0.00685372877128643   -0.00303840564567093
-0.00152580067798436   0.00513051436549095
0.00225718064958702   0.00660975374674777
0.0082841140502099   -0.00315505585002462
0.00310772073361143   -0.00858521226221409
-0.00195991744239343   0.010450744530611
0.000120651873389832   0.00350729080076029
0.00114625113820299   0.00697747646424407
-0.00893295561004148   0.00805621959485858
-0.0161591689053964   0.0154344408803908
0.0104243787725711   -0.00786209595265053
-0.000826126161014074   0.00973168886145626
0.00323991927222789   0.00013818626835338
-0.0183247644121334   0.0090888987755342
0.00740107359611386   -0.000810860238845912
0.0151262547003848   -0.0135585523922019
0.0114819869223703   -0.0109943508023083
0.00335912301501207   0.00449574903189198
-0.00534400430824356   0.0124011810282134
0.00743776485923053   0.00276609604203149
0.00173174799155174   -0.00505323172087557
0.00642184645533206   -0.00507913002622828
-0.00106738365091275   0.00382908665685022
0.00160064853971864   0.00436792729395119
-0.00258018192839415   0.00682522488867576
0.00476986257549417   -6.86361249213618e-05
-0.00411676586912613   0.00780300190899386
-0.0103517664523016   0.00929718199890761
-0.033727655564193   0.0148180842142329
-0.0307709940260237   0.00531046822696357
-0.00368468650431986   -0.00531046822696357
-0.0459516906604982   0.0107902100104686
-0.00421026658480539   0.0223324536400469
0.0423951160310603   -0.00738435196393805
-0.0290505644450523   0.0154062735154001
0.0411738936074997   -0.010675549082654
-0.0338068760898578   0.0245872809260703
-0.0166694344592235   0.0507340693221607
-0.0813125666987435   0.0267427871958921
0.0504507945010353   -0.0526186586755868
-0.0499768594951924   -0.0374920271985042
-0.100568886157904   0.0061781334526847
0.0820281950861119   -0.022862309455463
-0.115886559959082   0.0627545754039422
0.0525849702496188   -0.0690110514871343
-0.0519597689276079   -0.0580655999874375
0.00212260332826908   0.0268612178363252
-0.0440501492780534   0.0725027990105076
-0.0259008340330409   0.0403825821484531
0.086730945147881   -0.0187896182566902
0.0148592582579123   -0.0022734594374727
0.056748720623955   0.00490944221542033
-0.0302383330177971   0.0263428925489437
0.0319595092097389   -0.00826323703815302
-0.0150174859224359   -0.00815008064659395
-0.0460490891083429   0.0139133737391894
0.0228131973955161   0.0063258180564052
-0.0145596963835866   0.00237687841890377
0.0650067807393526   -0.0026147978665767
0.00101892711179019   -0.0105280039181475
0.0330174112516595   -0.00730257959418434
0.0151025523211308   0.00181582244155987
-0.00917198394920149   -0.00917202044002696
0.0290662237582904   -0.000243944953544961
-0.0214768224357673   0.0261443150576781
0.00481237701798154   0.0112927974950061
0.0266571794487538   -0.0134948404625463
-0.0177751030626334   0.00801223006887497
-0.0308336916574099   0.0125130388651939
0.0219516152712895   -0.0102690142656634
-7.1428451557054e-05   0.00529447469488709
0.0138420623231426   0.00234428390961039
0.0143158031309989   -0.0187896679280204
-0.00460901170208228   0.0114454827692372
0.0258415652226489   -0.00520241266724319
-0.00935409894517392   -0.0117458297976079
-0.026830099888878   0.00852704003118188
0.00275426194502604   -0.00471491970139226
0.00919672927923276   -0.00642145154916207
-0.00680165266257404   -0.01626768446922
0.0119945397882564   0.0165684878592627
0.016410871708584   -0.0130859435840689
0.000205144986137107   -0.00783679703493867
-0.0201329103982699   0.0102120881936143
-0.0178441313229154   0.00697222627259908
0.0118959850090299   0.00973965748454564
0.00458674266369918   -0.00257571433277892
0.0300050467769841   -0.0221991102783381
-0.0103244704304215   0.00373448057107595
0.0168454540255549   0.00298932946276764
-0.00692772797679897   0.0024947453661861
0.0018971275944617   0.00599768583873761
0.0122450726991312   -0.0135005691826082
0.0147695343539187   -0.00183799697162268
-0.00184651678475856   -0.00368749329013784
0.00444594924820052   0.00711621575013854
0.00403351534472041   -0.0067555184959831
0.00824604570993159   -0.00364206767294295
0.0132204941740666   -0.0133862863210483
-0.00263009101884659   -0.0145852986994228
0.0253065541759439   -0.0071486981113722
0.0120148129910325   0.00383603675507693
-0.00748451885809676   0.0112945144680241
-0.00559553515319156   0.0147187156699919
-0.0593773250382883   0.0187241967385354
0.0119043689229761   -0.00968766261895304
0.00929247299040004   0.000554005305868799
0.0190645484763152   -0.0154523251094032
-0.00416265847191521   0.00411917766978043
0.000385471152558381   0.0105322264761405
-0.00573164667956583   0.000800920963482277
0.00639486062486139   0.000123264151698166
0.00459300911283478   -0.00685800254739632
-0.025839696230662   0.010668510349654
0.0106635476906911   0.00287845712480372
-0.0240378269417842   0.0106465552177495
0.0145903765178916   -0.00315153453254791
0.0127281445131437   -0.00486831243937669
0.00698042402317522   -0.00194403373468255
0.00549193883496546   0.00103980117645452
0.0153193336729451   -0.00410398525401767
-0.0103673886877864   0.0139578694361875
0.00761972837186864   -0.00400275287347274
-0.00570939738117904   0.0157962677237595
0.0101585169585006   -0.00503684247510794
-0.00869648586577565   0.00330079018481211
0.0128756829894208   0.00143743827771026
0.00914556662052046   -0.00467847464025883
-0.0032988891671355   0.00473834380328153
0.0028948217361604   -0.00209646009702524
0.00804900143507847   0.0024549039415378
0.00212527611971058   0.000598081446544718
0.00567602699546832   0.0029846572239185
-0.0120036978427587   0.0116133185800518
-0.00646109250391902   -5.87492692005753e-05
0.00726586390661321   -0.00371840088083442
-0.00636232555130789   0.00689461981220418
0.0122234652237099   -0.00170451289652007
-0.00357432009139025   0.00656730190482246
0.00787121967444282   -0.000643624780045648
0.00692822977785124   -0.00504731887596943
0.0038550809021185   0.00948682996378203
0.00619178074056048   -0.00878098537945515
0.00666231015346774   0.00557016213268291
0.000717515112546252   -0.00668794701142605
0.00298466030123024   -0.00448387233783354
-0.00828900830441892   -0.0119561093638696
0.0138461082000898   -0.00913760596754365
-0.00180927153345678   -0.0107464450143437
2.97006863219096e-05   -0.00391446645080862
0.00317136416046981   0.00250966175198997
0.00215797084125136   0.00712650722992691
-0.00417236348055106   -0.00627123984537725
0.00310874718500997   0.00899857523493441
0.00354124973408521   0.00597412263293595
0.0100820778378719   -0.00162547879006958
0.00349322990128176   -0.00768337892330706
0.00997559296662764   -0.00383291865673296
0.00218413033181442   -0.0171558967706851
0.00643876720162861   -0.000744204190405107
-0.00362930292931019   0.00661922877574561
0.00937460821542047   0.0113725681539645
0.0143604750813342   0.00947512443572762
-0.0350205185346946   0.00283757456953193
-0.00819820639237712   -0.0191710460530858
-0.0277032049983204   0.0061260629514539
0.0195549139206452   -0.00269106059958002
-0.0175162432945433   0.00507001103965443
0.0005093318702869   0.00213024850617405
0.0130850961670177   -6.11009175619515e-05
0.00503933905989129   -0.00243517610452049
-0.00397638309517934   -0.00299074388710885
-0.00883406193129677   0.00305219591154238
-0.0115794892318384   -0.00311332886951021
-0.0111918422554078   0.00506125941611391
0.0101329495185043   -0.000790851353755784
-0.0234642358344272   0.00133783481519423
0.00266209162173769   0.00382324141364077
0.0160375296781687   0
0.0164729847284324   -0.00285072517184481
-0.00546112422468692   0.00115337816759364
0.0075534642174393   -0.00963152134535861
0.0063994731410677   0.00164825142046343
-0.00953986706399856   -0.00374130135780959
0.017577764518963   -0.0197320629671873
-0.0143180743633033   0.00537494477247336
0.0172568847648176   -0.00731969027194701
0.00882368082040763   0.00538548318120124
0.00889024724322507   -0.000187593664809249
0.0159597079725469   0.00318060264360742
-0.00654751165208189   0.00713522739999917
-0.00630322061163291   0.00228491837569411
-0.00123665886444968   -0.00172873247772642
-0.000604372928010299   -0.00278423338369205
-0.0153201348384071   -0.00378715855142708
0.00399749951517325   -0.00956123979058443
-0.0018947094985009   -0.00345967163946703
0.00547035846106869   -0.0104515213888901
0.00338965158249316   0.00609388599144722
-0.0186530228622024   0.00926005545058661
-0.00345329834390196   0.00668710728376709
-0.0347767529153185   0.000933900589783043
0.0101123222041659   -0.00975525422569312
-0.0104796113076864   -0.00991422688929333
0.0111460493821021   0.00746240149406496
0.017501930597783   -0.0058181641312185
0.022102948479005   0.0214601163154393
0.0193152110662176   0.00173727691399961
-0.000228541295469675   -0.0121588781539108
0.0124875146334391   -0.0212389544824987
-0.00146769497356303   -0.00578365137488035
0.00740111245175346   0.00360279953703024
-0.00974847160562931   0.0168743200736934
0.0137496623008202   -0.00132668435310546
0.0124053325116389   -0.00240564959418332
-0.00539287537586475   0.00650715321552831
-0.0121078375899657   0.00289235105757069
0.0042014304539757   0.00513535822945066
-0.0068713692672544   0.00883046384863029
0.00597644014223331   -0.00459208475262773
0.0159853343491081   -0.0100019200936599
-0.00154283861032845   -0.00308333290823182
0.00278089545319826   0.00965810336592199
-0.00443690492577087   -0.00124868399037492
0.01087797426091   -0.0148543241803516
0.00210161542463805   -0.00796843751466803
-0.000272574165885331   0.00803162321599604
0.00858074305059198   -0.014774148958395
-0.00205712481185305   0.00898018056894667
0.00292182688254172   0.00471411971534774
-0.00900936211114178   -0.00331012522707486
-0.000327131793921076   0.00882429325272049
-0.00117322574666368   0.00353372701559618
-0.00448712539775098   -0.00277498547064603
0.0134289890611141   -0.00335308612675433
0.0015678559883634   -0.0026651668726938
0.0055765037073261   -0.00264996052443589
-0.00400099111615759   -0.003001534241454
-0.00358176838566671   0.00395792434989595
-0.00168671693429889   0.00514718987699947
0.000897963231343724   -0.0069328054342277
0.00388300717151235   0.0039496677657489
0.00855405056008696   0.000444653832357034
-0.00190968362412125   -0.00127139977619173
0.00142591486232391   0.00216084870434408
0.00506785181962854   0.00145902118086916
-0.0137076341191156   -0.00120509805677482
0.00686381534025315   -0.0074546016604522
0.0059607610334993   -0.0207420480943483
0.0147480743833546   -0.00885288548844088
0.00568180795825501   -0.00323293820209436
-0.00676371910315066   -0.00165357402205757
0.000211102047816603   -0.000795046649982645
0.00268945813648269   0.0111995838139309
-0.00350808519513013   -0.0094121083532821
-0.00731957514369252   0.00396011287232945
0.00782153241673456   0.00322198227386838
0.0137436511545381   0.000984678180530274
0.000911261476463032   -0.00704310822918419
-0.0035456265022793   0.00323166312933676
0.00393604350089483   0.0117165990196106
-0.0015621677408868   -0.00188911649170542
-0.0247441782269808   0.0025392945991598
0.00856353473541827   -0.00554295122266524
-0.0202227802324098   -0.00603418941514278
0.0165084785070047   0.00115848992752277
0.0140413452850163   -0.00646848158979019
0.000785682039137647   -0.00891246737851858
0.0113018345805127   -0.00267580034972337
0.00392821261407938   -0.00840921598189137
0.00719576683640266   0.00438159876518363
-0.000666056697792072   0.000739619287839055
-0.000435587603475618   0.00663152099500586
0.00161367505422838   -0.00548950764239375
0.00492760198120745   -0.0124973128694492
-0.000866302627728466   -0.0153438039313913
0.000229472144332554   0.00633050858911588
-0.00426505027786472   -0.00405527186821075
-0.00176756563916491   -0.013381151951287
-0.00772136951628699   -0.00763705992702501
0.0012134884045194   -0.00288788798993433
0.010959063144135   -0.00658145751544215
-0.0243908730271682   -0.016464864072308
-0.00516599514014704   0.0325239184799404
0.0239513401245048   -0.0132958926541731
-0.00783381789567539   7.10105336478861e-05
-0.0133343119208229   -0.0109051353893364
-0.0124519967688235   -0.006470228242347
0.0182294993744412   0.00194547982603677
-0.00499138571315338   -0.00780509087295034
0.0141763889076341   0.0137623015347614
0.0062056240163999   0.00200160605143118
0.0100879795123223   -0.00723914025439321
0.00134575734340103   -0.0214499882949095
0.00594599581799571   0.00586290548738067
-0.00126226454296852   -0.00402723363819568
0.00340415919570969   -0.00751082141749571
-0.0146563710917773   -0.0101780988651941
-0.00185214165469549   0.00617855892788732
0.00795336501547439   0.0111438229241259
-0.00790209253537899   0.00898625876621129
-0.00509640273395551   0.00536721662899264
0.00560996220036092   -0.00791632090549221
0.0159864847820339   -0.00350594969115381
-0.000505412673531325   -0.00852473840829049
-0.00265640711341497   0.00522649790984886
0.00404511612887237   -0.00559589685697226
0.010741180797921   0.0164610871540658
0.014250990420452   -0.00437286252793356
-0.000590370727996614   0.00676991550987882
0.0011563046216212   -0.00698871581743266
0.00473566891528154   0.00822127373780202
0.00724380323709539   -0.00362961090231462
0.000364381539005088   -0.000436097589370021
0.00295942392566584   0.00746574221665597
-0.00342102721790649   -0.00318219033610223
0.0106851538388204   0.0165955615613109
0.00333687009478734   -0.00779680598862598
-0.00492516448340119   -0.00287673184932036
-0.00734838957187733   0.00459887780456558
0.0094176104125161   0.00200478162925766
-0.00917522966774698   0.00435458532523914
0.0107841274282761   -0.00235310997911409
0.00208531366065667   -0.00142935080929973
-0.000215213279779469   -0.00876096330579212
-0.000287632585483699   0.000648462753200185
0.00635264104297306   -0.00295934352220417
-0.00659219487054497   0.00231088076900399
0.00215437758566761   0.000599243684868966
-0.00618831234888617   0.00676319060288399
0.000312728519847205   0.00164789264218967
0.00795370071806722   0.00164529897533949
0.00725179169163681   -0.00494380429281804
-0.00995156932780361   -0.010178710708951
-0.00896507542166436   -0.00567583347692757
-0.0214741552725481   -0.0105628828030619
0.0119409670934534   0.00154706814347616
0.0152386661409833   0.00930768955389016
-0.00254786360267012   -0.00211793555275186
-0.00865287072651189   -0.00256171455229381
-0.00262528083601321   -0.00242168911537366
0.0107004928524193   0.00819508203950736
-0.000818985336713318   0.00320109816873781
0.0101426525154915   0.00369798015436551
-0.00222123404740238   0.00922046082467176
0.00198246427734272   -0.00172247619976051
0.00052488455774391   -0.00403025240897659
0.00178719789539805   -0.00158846322698381
-0.000881303295187763   -0.000223721095143681
0.00157135250011464   0.00231241416228301
-0.00371825167558626   -0.00376074974743723
0.00910434143226624   0.0136017598507703
-0.000970560301437828   -0.0030784667458823
0.000213134204034127   0.00700192993671678
-0.00149312051095585   0.00879032074573072
0.00463755281398459   0.00598079207988178
0.00165118292382793   -0.00161478490776457
0.00223660324321973   -0.0076889340083266
-0.00183603206803262   -0.00120446090474058
-0.00559892019183206   -0.000851390128701723
-0.000331829279744511   0.0148614507894793
-0.0135821968665946   0.0186307676401682
0.0142144913122104   -0.0168847586686969
0.00533209090617337   0.00243955356450787
-0.00120605485565051   -0.00257901222468693
0.00589827988150571   0.00160408776923759
0.00354571489391464   -0.01043751151105
0.00201379799778323   0.0102285080816271
0.000538092358866038   0.00167137638144332
0.000841286884391224   0.00444343246037437
0.00552132276850426   5.55729907905089e-05
0.00761445116217807   0.00601653700691163
-0.00182315682856604   0.0116524895853987
0.00352780711819811   0.00882040512327453
-0.00818138440879235   0.00391003183827543
0.0106181609422338   -0.0141625147259719
0.00357561334182588   -0.00129742162959356
-0.00341478900102832   -0.00768276613734109
0.00149108667780418   0.0112978375791748
-0.00342130271633323   0.0109699457063286
-0.00787450741038942   -0.00188776812389069
-0.0148780895168263   0.0216917865285291
0.0142286625939452   -0.00968640141651544
0.00806379205295293   -0.0127477513013767
0.00209190311160246   0.0094088208114842
0.010235453343336   -0.00671160395655779
0.00245188214783187   -0.00296707351886205
-0.00456808921772023   0.0106145884586875
-0.000410171478367971   6.68954798888066e-05
0.00413883295457751   -0.00556177463301299
-0.00486824158177779   0.00469277034064319
-0.00210037139770769   0.00887967795645039
0.00810266195268561   0.000531060970970998
-0.00493108474796333   0.0020539422517043
0.00631299278830166   -0.00511050314001249
0.00165094492940998   -0.0168417842141615
-0.000813912370565717   -0.00359283457680526
0.00124331770449704   -0.0046287264222995
0.00248186463516564   -0.000614242401590026
0.00299233284784783   -0.00163952828518799
0.0018183066276638   0.0156721882099529
0.00235181784931804   0.00242076469198338
-0.00657682195370946   -0.000403054049376905
-0.0110054154214518   0.00335313640948343
0.00154714934001188   0.00733838680764531
0.00792569227237205   0.000664453549477528
0.00875803666312258   -0.000664453549477528
0.00158615613808522   -0.00780722851530768
0.00209609453810344   -0.00834098706196773
-0.00592052821215816   0.00276557927486376
0.00890110276518641   0.00678093231100885
0.00438793456069586   0.00260612125310544
-0.00148261677197503   -0.0068304012377931
0.000531281723133326   0.00167358889219482
0.00307197759798061   0.00435625733296696
-0.00024292916593982   -0.00913615731104045
-0.00358173991850741   -0.00847164204854955
-0.0012191227999736   0.00678317798486905
-0.00428940271058575   0.012027287700958
-0.00791574812010598   -0.00885527261026908
0.00255586666152929   0.0060466154620249
-0.00541102865732768   0.0120501830399808
0.00831789578459841   -0.00351350030528419
-0.00158647518138721   -0.00459298573874989
-0.00978878768419555   -0.00481476440750672
-0.0168148026947508   0.0123253591626442
-0.000945068108940461   -0.000861142603380216
0.00970762582616214   0.00594723746417447
0.01207663962062   -0.0228565248984296
0.00164596028510022   -0.00982138149775302
-0.00286499082076208   -0.00368268343803813
-0.0203577488300839   -0.0156994879674581
0.001681830549634   0.00173330940237193
-0.0122977664311739   -0.000138599542435891
0.011814185091743   0.0083806468456773
-0.0129800243259144   -0.00254869681629266
0.0103513012791785   -0.00970361823939214
0.00414742084304986   0.00562561852601373
0.00860861136922164   -0.0105130248012006
-0.00182541863061303   -0.00702311568029135
-0.00726612828685447   -0.00254110012648656
-0.00246459468513915   0.0169558552996234
0.00359120271674396   0.00967935329250746
0.0166806618373263   0.00370851463874988
0.00758705963652329   -0.00584403439182868
0.00295604256689685   0.00467757567050064
0.00768539251827338   -0.0138900874426025
0.00392004164659632   -0.00677359811675871
0.00260464100892843   -0.00119130204644247
-0.00103664964427264   0.0109527708054831
0.005348504036367   -0.00152763915324083
0.00089975271710685   0.00823487142763657
-0.00444020115738564   0.0180308995445433
0.00960266004233556   -0.00339043849307341
0.00202706808677622   0.00305186724722262
0.00171883872878897   -0.00722587962575627
0.00403485491041877   0.00442894928857207
0.00608667965069731   -0.0103877017128085
0.00470147542326327   0.0104557477939951
0.00346357854021662   0.0148449318987671
0.000853344399954103   -0.00187694639052971
-0.00331087503689975   0.0129340441190555
-0.00807734333261045   -0.018451907432544
0.000323444807870388   -0.00148585509617138
0.0075185571046763   -0.00440225418322893
0.000342278052032796   -0.0126365586771078
0.00394998421005166   -0.00254631765723268
-0.00243206895588255   0.00789391711114718
0.00339059772406447   0.00375339322240276
-0.00178980887013935   0.0105023927269894
-0.0028191126160495   -0.0117973949943613
0.00132501930574946   -0.0145649414150544
0.00266632032103953   0.0159282305769048
-0.0225555530249721   0.0249550790059816
0.0121919842948861   -0.00807058931570559
-0.0196494900553565   0.0150877045591802
-0.011169370839391   0.00614964849138033
0.0152001704094005   0.00124660440389768
-0.00873945133469256   0.0118612906152498
0.0117737720834636   -0.0138301216296446
0.0204738573438679   -0.008112915490182
0.00264447734961681   -0.0174357163714065
-0.00677443827348334   0.0055774748399342
0.00936938955391664   -0.00241508527328804
-0.00889776614570525   0.0146705911517797
-0.0069038735226723   -0.00238584877860504
0.0155042673100807   -0.00966847211528865
-0.00885761534496776   0.000388944683249015
-0.0106999868250428   0.0112681118636253
-0.0106901816512375   -0.00752003926571199
0.0176030973272479   -0.00381492192430066
0.00994906729239009   0.0046163722229311
0.00620280425509545   -0.00871491933083224
0.0140528164169824   0.00242061644170644
-0.000817483270934005   -0.00397053583410578
0.00127849534369862   -0.0109848624718545
-0.00276847236914346   0.00835119255982697
-0.00252337097585098   0.00195894647365868
0.00577327182104703   -0.0266007957718353
-0.000334991153750686   -0.00416675763665175
-0.0193888128583195   -0.00544231382500016
-0.00093996121922757   0.00258503560774948
-0.00396133702631207   -0.00721410083560237
-0.00124509941174189   0.00245697984655191
0.00906696063772561   0.00663980730530245
0.00269992338936476   -0.00383863382614535
-0.0138743957600749   0.00884123177507323
0.000409012815745236   -0.01522472699435
-0.0178683888390321   -0.0141744472120182
-0.0104377578713866   0.00689971296347291
-0.0111297963759407   0.00614812453373315
-0.0198259810688999   0.0118362100556313
0.00423780754617997   -0.00824951488386638
-0.0122840774246287   -0.00161567444691713
-0.00251197557149752   -0.0121683824804197
-0.0049503092095966   0.0181969260140225
0.0245320832995093   0.000349467185434271
0.017850835813161   -0.00518359972496452
0.00673418810657367   -0.00332482612593488
0.00966725839901095   0.00338113428118092
-0.023785621894775   -0.00783668178080976
0.0046910686550099   -0.0148520868186655
-0.00321432796408239   0.000647512815498352
0.00819409484815026   -0.00670856676215159
0.0145301501413622   0.00187986579704713
-0.0181290679587631   -0.0160198596629364
-0.0199157973748463   0.0147189622877431
-0.00327448777260742   -0.012519262658814
0.0159981751160778   -0.0114180883523227
0.00112019230969906   0.00590971015944941
-0.0215929388587055   0.00741092194610093
-0.00649607614787406   0.0104718613571064
-0.0107895973761911   0.00260130110756673
-0.0178979954774396   -0.0138777573695039
0.0149370923060506   0.000658428631589381
0.0218239994753837   0.000730617814051371
-0.00256177392607881   0.0216814907551033
-0.0153472965244426   0.0114959108122878
0.0182290020055884   -0.0347808307928794
-0.0049909635683214   0.0101340575608981
-0.00815771175657343   0.0171166673172864
-0.0299225559499341   -0.00765902766314319
-0.00761063602628731   -0.0101105852291203
0.0264578138981175   -0.00984747540636111
-0.00452580176474715   -0.0144710859651536
-0.0127965663425105   0.00334060089542287
-0.00733515972098076   -0.023625822797551
0.0217521934108458   -0.00174669499067903
0.0219318140472833   0.00975962174288814
0.0124333146517914   -0.00748171229137284
0.0108932986900605   0.0121389282042035
-0.000292429100297475   -0.0234286562187753
0.0116334151226676   -0.0128946123444482
-0.012961968367053   0.0216780891287573
0.014961740420441   -0.00786373840772114
0.00487190848534169   -0.0139699024560418
0.00708766234258373   0.00851330337022738
0.0122949708764368   0.0075242563840705
-0.00619396766288638   0.00777111787889151
-0.015510976665305   0.00242591572575357
0.00283011829143476   0.00379952503308711
0.00853015227591492   -0.00697409953924755
-0.0127118101214636   -0.0228517186400579
-0.0100496455916455   -0.0081267431143921
0.00502625698884174   -0.00756097419822854
-0.00267748877308893   -0.0108900808418264
-0.0172401136431448   -0.0159513072077218
-0.00371209172012943   -0.00138152584318441
0.0113884885208577   0.00203099582161936
-0.0125299078307988   -0.0202488493387731
0.000411003723598924   -0.00498143583579225
0.0160137560061004   -0.00751892473051186
-0.000741706099762318   0.0199258941650307
-0.0150664680758945   -0.00742553359872655
-0.0278227239150999   -0.00631402034963369
0.00578082149746528   0.00995109922868931
-0.0293884091410161   0.010016518085771
0.00280779176688295   -0.0129088522903373
0.0249458291705205   0.00148863038701386
-0.0376558624028487   -0.0130580915023719
0.00600131132713422   -0.0174857174850764
0.00457354154871759   0.00671920924773062
0.0299985325644423   0.00549475548493383
-0.0361897330988725   -0.0277807014879814
-0.00598686814277816   -0.0148449879137127
-0.0325409225597122   0.00875902359675873
0.00230775202046907   0.00902862922278747
-0.0160137136590892   0.0190888939105971
-0.00104447169350941   -0.00186691377070236
0.0236264851407153   -0.0148912126043488
-0.00406587560765193   -0.00103527257777447
0.0203618544239115   -0.0121570324688518
-0.0411466264145757   0.02109334162874
-0.00614363407158791   0.00239226773182377
0.000436540527247509   0.0112862605769406
0.0185372322666773   -0.0165911249345667
-0.00766304549442776   0.0195400645207
0.00879602513521593   0.00394653099985565
0.0197843829968338   -0.00453546030947649
0.0242527701552122   0.00243808981748206
-0.00562684191916052   -0.0213892250285612
-0.00812149580751509   -0.00114376977726849
0.0188645038790911   0.000516360693886497
-0.0165477028511205   -0.00215258026894283
0.00304014317762658   -0.0186156897238643
0.00954646288397143   0.0107419878862061
-0.0109315718440817   -0.00889978826437243
-0.0240702088555107   0.00332491192426865
-0.029424464719134   -0.00622129235706925
-0.0387078449722171   -0.0318820521697445
-0.00301782270345097   -0.0126937672121752
0.0141557828465704   0.0184845381403882
-0.0336562076450297   0.0079082119069005
0.00215334709984827   0.00321701889466297
0.024862211888002   -0.0170974658513465
-0.00181464512796747   0.0271291158962281
0.00975468863567563   0.00818121075156952
0.0312989938704673   -0.0139393707426336
-0.00382698858772912   -0.00856532123352594
-0.0206445972683404   0.0046486477163441
-0.000814685809326754   0.0154876179091614
-0.00815747677567913   0.00874384112190096
0.0105211003474714   0.01021439866114
0.00188672100582554   0.00782607119054113
0.00337162744487962   -0.0169334352745922
0.0148661138848647   -0.00883910310659264
-0.00082294149024964   -0.0111378106715874
-0.0114893157001843   0.0170976049194591
-0.00888835628298956   0.00592434551883514
-0.00526545304852988   0.0114008857472587
-0.0024315194027178   -0.00819200496755013
0.0189248881189572   0.0056123790112661
-0.00829122589323283   -0.0104730830300701
0.0266605946385452   -0.00540924001455867
0.00635285157587706   0.00262108022085616
0.0101318246267477   0.0171283978362586
-0.00932143574729327   0.0166712899336448
0.00121415576969319   -0.00983303503037369
-0.011901516230485   0.000766341865528375
0.0256350458689907   -0.00563366396446607
0.0124643722215652   0.0079293089561645
0.0144733831832733   -0.00272143226576116
-0.00296562276219259   0.0237982002489945
-0.00661924226585509   -0.0213865678501417
0.015538191147443   0.0156217057334711
-0.000675855408967863   -0.000335006290816509
-0.00169163964260921   -0.0240915320986463
-0.00116148625502088   0.0160127044754086
-0.00397883637535035   -0.00389432175280024
0.0207863519663931   -0.00655300378403201
0   -0.0235852836501325
0.0167872828513529   0.0100895684765137
0.00411232887236235   -0.000865740269439641
0.00195686074047519   0.00414892886789708
-0.00712341387689541   -0.0104921533916853
0.0029022165564383   0.00148057745399832
-0.0135290638730829   -0.0162330856039095
-0.0210423723132314   -0.00336748215687521
-0.00242215492078834   -0.00551839722646452
0.00319605540860923   -0.00734580480608926
0.0140187413389334   0.0138399824043649
-0.0344351676969596   0.00750935056059987
-0.00663403898467596   -0.00830740551970255
-0.0110386686781672   0.00248157136891258
-0.0076381252875839   -0.00960671899088972
0.00313297150807923   -0.0184779741257453
-0.0106003982324099   0.00564097682214904
-0.00378028100875039   -0.0250804475381292
0.0178054432136152   0.0156917480661507
0.00651508966031233   -0.0103104602241624
0.0154157034759663   0.00221848335771213
0.0106904558811545   -0.00825125766554269
-0.044456328636282   0.00232457817456311
0.00380858801669248   0.00343040012431928
-0.0114181279561789   -0.000647871821732871
-0.00765812176868508   -0.00837062089365403
0.00772500925486597   0.00233224275330812
-0.0115450181963501   -0.0100201420574679
-0.0175977450244149   0.0166139494587032
-0.00843529724554681   -0.0258805487346869
-0.0168968523091166   0.00407652738657394
-0.00994192466329213   -0.0192956151971231
-0.00255588138022755   -0.026683857104091
0.0194851512213825   0.0329336467857022
-0.0211102325844834   -0.00518945596536735
-0.0155843281192576   -0.0129947803784658
0.0260588576088479   0.0157645720285524
0.0305160894860546   -0.0027969200729121
-0.00233099963918537   -0.00960747321790034
-0.0103691466623026   -0.00557386350963363
-0.0282904726741569   -0.00975515942174265
-0.00766458788258539   -0.0156682758711382
-0.00635302101686097   0.00441605823399627
-0.00330400087444627   0.00489486589744104
0.0260489002491147   -0.00961257664122606
-0.0230524945367909   -0.0082844990334241
0.0253724467539502   -0.00488173807883019
0.0116809881426443   0.00234215198043852
-0.00711155911539585   -0.0183736971901594
-0.00842075562658628   -0.0172408375535751
0.0240109373736805   -0.0181870354223364
0.0121621672194419   -0.00829900537789729
0.0158423973829516   0.028696710919796
-0.00756258399322096   0.0143048365705774
-0.0053543461892902   0.0104162334200737
0.0235121230226607   -0.00689774952858979
-0.00724949498551108   -0.0071535504227489
-0.00438541881253585   0.00930235411366542
-0.0254165533298627   -0.00434979158895477
-0.0103502528973216   -0.00541170828431969
0.0142906615669212   -0.0169431745945374
0.00951997232284985   -0.0100270182929654
0.00538092187546724   0.0108757049566979
-0.0208171787185423   0.00328201156269703
0.0534971979684924   0.0377520345118647
0.00963208925278458   -0.00367076365075114
-0.00854320787140228   -0.00245490104257673
0.00849283204232343   0.0160509191004916
-0.0076579804413921   0.0216324542674018
-0.00306448336747778   -0.0106081357710019
0.00453006617173557   -0.00690129059193456
-0.00364263332492865   0.00420638894610015
0.0133672881715006   0.0140918108584325
0.00628177901390181   0.0172913905747443
-0.000223695945237523   -0.00339540254675885
-0.0160857451047196   0.00281419812405659
-0.00171901340080183   -0.0117951614263134
0.0310146724833471   0.00732738112963816
-0.000736144766370295   0.0314462343814927
-0.00115445295106209   0.0124972554276965
-0.0181529509849554   -0.0141061072614104
-0.0145196661680709   0.0127979491036392
-0.00170276770091782   0.023289168175781
0.00780350989256107   -0.00274449126186571
-0.00749822531284305   -0.0263586185565794
0.0143142334998769   0.00319233095331217
0.00754134342603408   0.00960969699283609
-0.0064138973101775   0.00426195793273454
-0.0247660079925813   0.00389436748059424
-0.01187636037705   -0.0112335157109777
-0.00851584857481757   -0.016948042502662
0.00136747386845393   -0.0179166669781647
0.014841785732691   0.00251038851910401
-0.0143687990154833   -0.00019270049808906
0.00573565071160509   -0.0147692016182344
-0.00395120733136789   -0.0199708411633583
-0.0125057687225434   -0.00590936557236965
0.0178401534138075   0.0112870774999063
-0.00263750869312318   -0.0111866854441063
-0.00421867273350962   0.0189041716748735
0.00769048257340366   0.013607008628064
-0.011479086348297   0.00417216117936459
0.0226731938492   0.0182293612123114
-0.000567131329737514   0.00531026693336667
0.00698831684455925   -0.0166885482770773
0.0125685823962334   0.0161208923886083
0.00363420480057108   0.0194909303781721
0.00387203768841893   -0.00941683941094684
-0.00183366452761202   -0.00648471675572448
-0.0159138796423139   0.0239424971606512
-0.00730645383881345   -0.00627932222736316
0.0184576239272083   -0.0163443101424567
0.0119270353677905   -0.00471895951240953
-0.00107370851847044   0.0142779307178884
0.000374617443736014   0.00242191858532959
0.0109304533818761   -0.00466285108123721
0.00229507848750288   -0.00252705695695798
-0.0126262036915765   -0.00366132186538071
0.0145963402482128   0.00796268208116491
0.0105717138395622   0.011949641556833
0.0144520256005416   0.00129345095568478
-0.0106860012626262   -0.0150690106773688
-0.00613013054630951   -0.00743116810460354
0.01299395669023   -0.00805822877106799
-0.0109951629130718   0.00474794635605758
-0.00870685506960367   -0.00951846750523355
0.00233095129162209   -0.0112527917206036
0.0116706108354627   0.00837956250000627
-0.000460365507410465   -0.00230457261095207
0.0032422148468596   -0.00936896603889181
-0.0138645755675055   -0.0142691796834873
-0.00250133737108094   0.00774633733537922
-0.020264879347998   -0.0196289048904612
-0.00137904033143332   0.0091225813440845
0.00530530641812632   0.00972464753987445
-0.0107398098833063   -0.0130865232884023
0.00339999487950315   0.00276950249553742
-0.0037027577276314   0.00453302747248507
-0.00384334379770834   -0.0108013567344232
0.00774712977656122   -0.0089068009672344
0.0159107160972303   0.0239372821316888
0.000692451581632447   -0.00778376301501016
-0.0154474748530298   0.00611371829008434
0.00163085828896126   0.000982735258213907
-0.0186222239267133   0.00245231141047331
-0.0145345419683505   0.033904763097671
-0.0014263330905715   0.00227044799136866
0.0163949287829492   -0.0165781769601301
-0.00627397235083471   0.0191260421693924
0.017393007860881   -0.00785356823430838
-0.0117615209546855   0.0148975265530309
0.0095696718530176   -0.00883612674929335
0.0130450991912818   -0.0086294547271315
-0.017193479694031   0.013245148493362
0.00269970321047541   0
0.00654056510254541   0.00422043298306285
0.00186816393271094   -0.0237710293162259
-0.00224717777195504   0.00181918627339428
0.0144302239202849   -0.00201088019894335
0.00583828251647933   0.00459061794700144
0.0139961806652513   0.0148697600081986
0.00380330863964229   0.0046920156217567
-0.00556368875072089   0.00495947252236739
-0.00262163348937428   0.010400444467261
0.00389337179774074   0.00258313366075846
0.0010257968002918   -0.0162558735359388
0.000268582329537637   0.0020582389390329
-0.00408435723710188   -0.00102858992616817
0.0131952952346612   -0.00788962832158013
-0.00244575746585696   -0.00918867061198281
0.00358181128306612   -0.0119670618491643
0.00065204346523462   0.00355703128284635
-0.000168932960731283   -0.000960196731255358
-0.00547208171598879   0.00851330924250515
0.0007766089501553   -0.00563548056347596
0.00104261944282058   0.00962793957678709
-0.0160011978966326   0.0145975180225992
-0.00424453406365988   -0.0107155618842549
0.0197124345665038   -0.00997225046168904
0.00849903909563476   0.016002072310326
-0.00101035055446896   -0.0292584344979119
-0.011302922286978   0.0246145546057983
-0.0068875968081139   0.00556629978601997
-0.00710820702022641   -0.00992777923804766
0.0183433349679412   -0.00333115863742339
0.000266616859879498   -0.0141138686659108
-0.00439511273775839   -0.00358417929661492
0.00466150901714268   0.00965751793292835
-0.00174546426117761   0.0105161343664477
-0.00131117545597892   -0.00840420770162353
0.00344418199802998   -0.0104117430071495
-0.00670517376954294   -0.00300863014768282
0.0120659244513934   -0.00292025374076754
0.00958707814975845   -0.00743637518806928
-0.00145608058244395   -0.0070965015263349
0.000405932397522513   -0.00356726470859048
-0.0112861943910358   0.00287457174312777
-0.00727118487628964   -0.00496129627132902
0.00862260870217924   -0.00248983076172671
0.0128675170232144   0.00804470428332937
0.000380854513112538   0.00994152909623303
-0.00556056918399772   0.00867928512169325
0.00945613398734491   0.00391577210921668
0.0143575978258523   -0.0110185098165116
-0.0019181202200933   -0.00186476956610004
0.00217513970559047   0.00587657808828013
-0.00346377214224436   -0.0149550106215122
0.0060303402748465   0.0116291729013547
0.00179268629610263   -0.00137272034109071
0.00903101858171151   0.00293933833440718
0.00657134993125474   -0.00992977431795872
0.00119005615474155   0.00797109882031322
0.0123214652541774   0.00956036927473747
-0.00341210862860564   -0.00389113654949735
-0.00520163432143939   0.00689628506417428
-0.00513692122474474   0.00241678213603258
0.00360327003469063   -0.0121438193855399
-0.00758881312529613   0.00992048559207692
-0.00409406866577466   0.00106397998073593
0.0109036820497108   -0.00261360397508792
0.000504290550545683   0.00425572009718866
0.00393353603581303   -0.0182133915713916
0.0117316457030894   0.0117260001081503
0.00114987421319768   -0.00568524671033277
-0.00148830796888788   -0.00954796211785602
-0.00786149640021172   -0.0142437917374538
-0.00252785125210941   -0.00603748713986452
0.00252785125210941   0.00131124400497562
0.00634831448704798   0.00512743872350985
0.00801375386004999   0.0110697036806418
0.00790558555756338   0.0104578530799628
-0.000623034052207316   -0.00590622339838109
0.00346622763269178   0.000493481228135195
0.0074030864886927   0.0045289295175488
0.00222132558287669   0.0112333539902654
-0.00665666556327515   -0.0122161739428206
0   0.000294955112239315
0.00445741045942771   -0.00364369404399145
0.00272628718801471   -0.00187632505573632
0.00015372163863514   0.000988120645327939
-0.00665205249898015   -0.0196447019779287
0.0097426648136274   0.00512272519516532
0.00190229367927941   0.00240171281340018
-0.00286571184186624   -0.0165226935046876
-0.0140084470029196   -0.0107566594875017
-0.00287001817471122   -0.0233416152460935
-0.0045329896736801   0.0175572115808267
0.00869068400056516   -0.00989025767135487
-0.00435817053734766   0.0115463384157799
-0.00670768940033906   0.00515792677015625
0.000358856706948352   -0.016599793060637
-0.000583285185387972   -0.00230410207655751
0.00550487629365293   -0.00220431502448548
-0.0117172048748326   -0.00611370414593537
-0.0073652110409661   -0.007854991232632
-0.00764910283529208   -0.00427152368989425
0.000481186983189552   0.00352534375206304
0.00648518686037658   -0.0134199858341786
-0.00271221649380227   0.00764482945330514
0.0110761471907388   0.0244753257352395
-0.0139560581980955   -0.00661582589517185
0.0070251247169697   0.00326086723640184
0.00632135411018808   0.00104964954719389
0.0143512946278497   0.0103323357330609
0.00411028630110799   -0.00103877335705072
-0.00146446495499131   0.00445956595695307
0.00186350494669707   -0.0157010708029706
-0.00433134673138014   -0.0141214143886623
-0.00674507126547752   0.00245619851014123
-0.00307497604128049   0.00276960037992691
0.00150498919902731   0.00382205324782436
0.00655509178677782   -0.00723187020448712
-0.00550075979503273   0.00574724692347406
0.00116541066728182   -0.00021232805490623
0.00858534762207519   -0.00724403102552174
-0.01212146045044   -0.00611297500411734
0.000586295717512009   0.00568517775950994
-0.00207603464003103   -0.00740772272933743
-0.00923581192307221   0.00311998868588148
-0.0166664989265231   -0.0260094326143516
-0.0022510336160293   0.00801629888211419
0.004196336148655   -0.024916789701833
-0.0148002675156809   -0.00348217648365434
0.000399089092368854   -0.00518957824885824
0.00578069163115202   0.00304926706752795
-0.00242982830405403   0.000112877632040487
-0.000397825479304892   -0.0168819033589012
-0.0134764602812361   -0.0217463331659848
0.00725560398591263   0.0140092089922792
-0.000376863990913634   -0.00499732755332793
0.0118028745000283   -0.0121911319967403
0.00638178172031623   0.0231985425100634
0.00519132091356855   -0.00138380160826124
0.00408795299688602   0.0206712344432312
-0.00611510813029703   -0.0275026254589381
-0.00499330116936392   0.0177342167060868
0.0104664718376446   -0.0162249843681179
-4.58885267970999e-05   -0.0110820676257557
-0.0134147013253525   -0.00883661570564875
-0.00882524396104678   -0.0206858855578584
-0.0123641185097823   0.00566226830259531
-0.00173475762601516   0.0119420050936645
0.00751114741154346   0.0130905472506662
-0.014456212419053   -0.0225128120871849
-0.012046857503349   0.0152222150812875
-0.00454310881828413   -0.00425786522218985
0.011884934771639   -0.00451431233653121
0.00626058016804176   -0.0048933652553167
0.0106082762295072   0.0214503980516723
0.0189830870211285   0.0225408529962046
0.00908202626779087   0.00675540448115353
0.00229779990132783   -0.00974712022005342
0.00284200073951979   0.014642277087864
0.00073215549586525   0.0168903470780801
-0.00782933425119747   -0.0232699512341723
0.0154842887631412   0.00558437583499227
-0.00095360993715321   -0.00227558429306196
0.0192149373180657   0.0224145880536577
0.00211478688648548   -0.0141336254531987
0.00122237016353921   0.0123500129933598
0.00124303706871576   0.00467541856359865
0.00766813463091687   0.00608982537175606
-0.00218179252767658   -0.000441598405681809
0.00385343723487086   0.00352767915513841
0.000615101622067016   -0.0118449088925683
-0.00180254931636004   0.0165657687503593
0.000989581510048687   0.00196970143693864
-0.000703624273334924   0.0124925684992867
0.00392971823069566   -0.0116185394731989
0.00589847732817095   0.0186588858935357
-0.00526322780526822   -0.00398678253304219
-0.000197142560811159   0.0212579945867981
-0.00403788281851547   0.0132299772796527
0.00760144634582538   -0.00575351388689427
0.00428991646307075   -0.00821656065562237
0.00388201043337766   -0.00211784340764698
0.00455684758165287   0.00296369392872009
0.0136958890352563   0.0231911374362292
0.00320422065743031   0.0256804342756638
-0.00164783798962898   0.00111007207419167
0.00560930968844531   -0.00799967693522419
0.00606247064308985   0.00537386748112656
-0.0139541794085511   0.00675232524189884
0.00943724555876546   -0.00634789356573862
0.00200767581216699   -0.00455904144586494
0.00421363738510561   0.00283927041795717
0.00180645290645565   0.0175644681116012
0.000377659831337418   -0.00728946664605878
-0.0028991719525493   -0.00906075677023654
-0.00561207364776273   -0.00578122944028969
-0.00820021875311649   0.00416177902405579
-0.00322627808518838   -0.0153110620281032
0.00136872271172095   -0.00961202575404929
0.0141749870305841   0.00981765662934997
-0.00151822147154057   -0.00639636793000609
0.00563949280699561   -0.00466829427067861
-0.000440737231575561   0.00559935953228052
0.000692499891662202   -0.00196664414430359
-0.00367798152542598   -0.0177697978956486
-0.00557418754493622   -0.00158324928610831
0.00885349423307247   -0.00933881298189565
0.0123891013318609   0.00319347166458606
0.00211210482727608   0.00593412760417955
0.00291223708233712   -0.00795542613058764
0.00109256243153677   -0.00587457184782103
0.00542415517889783   0.00651321922211867
-0.00127121134898545   -0.00191749452771539
0.00788818693664339   0.0114505238771052
-0.000773752510334624   0.00902510541843249
-0.0164519142581447   0.00977241522698336
0.013003243074726   0.0194260596740197
0.0104723519236245   -0.022336345865658
-0.00364782717133583   -0.0204003516740174
0.00289909926046672   0.00972638243073654
0.00830581955401222   -0.00485136594758195
0.000441583310879956   -0.0058315552963748
0.00576279173380989   -0.00202248722686971
-0.000439045319494902   0.00117141645109875
-0.0138687818389185   -0.0172834597693452
0.00904659527888452   0.00507643731938234
0.00687604376710205   0.00515801571790941
-0.00499242180645609   -0.0058045805032485
-0.00552060572016977   0.000861993514693182
0.000905423140822315   -0.0071343484690658
0.0204842560366503   0.00486982224801658
0.000689429487911397   0.0132978496865803
-0.00366925345756108   -0.00298737118544956
0.00185602560342701   -0.00707697336953128
-0.00132252194789828   0.00632877497027451
